20

2

0 1 1

1 1 0

20

0 1 1

1 4 0 2 4 5

2 4 1 5 6 10

3 1 4

4 4 1 3 5 8

5 6 1 2 4 8 9 10

6 3 2 10 13

7 1 8

8 4 4 5 7 9

9 3 5 8 10

10 4 2 5 9 6

11 3 12 13 17

12 3 11 14 15

13 5 6 11 14 17 18

14 4 12 13 15 18

15 4 12 14 16 18

16 1 15

17 3 11 13 19

18 3 13 14 15

19 1 17

19

0 2 1 2

1 2 0 3

2 2 0 3

3 3 1 2 4

4 6 5 6 3 10 7 8

5 2 4 6

6 2 5 4

7 3 9 8 4

8 2 4 7

9 1 7

10 3 11 12 4

11 2 10 13

12 2 10 13

13 3 11 12 14

14 3 13 15 16

15 2 14 16

16 4 14 15 17 18

17 2 16 18

18 2 16 17

7

0 3 1 2 3

1 3 0 2 3

2 3 1 0 3

3 4 0 1 2 4

4 3 3 6 5

5 1 4

6 1 4

8

0 1 1

6 1 7

1 3 2 0 3

2 2 1 3

3 3 1 2 4

4 1 3

7 1 6

5 0

8

0 1 1

6 1 7

1 3 2 0 3

2 2 1 3

3 3 1 2 4

4 1 3

7 1 6

5 0

8

0 1 1

1 3 2 0 3

2 2 1 3

3 3 1 2 4

4 1 3

7 1 6

6 1 7

5 0

6

4 2 1 5

2 0

1 3 5 4 0

5 2 1 4

0 2 3 1

3 1 0

13

8 1 2

3 1 1

11 1 5

6 1 1

2 3 12 7 8

4 2 10 5

12 2 2 10

7 1 2

5 2 11 4

9 0

1 4 3 0 6 10

10 3 12 4 1

0 1 1

23

5 1 22

17 0

7 0

19 0

4 0

16 0

3 0

21 1 0

8 0

12 0

22 1 5

9 0

6 1 13

2 0

13 1 6

15 0

18 0

0 1 21

14 1 11

1 0

20 0

10 0

11 1 14

24

15 8 19 1 18 5 17 0 4 22

22 7 12 13 4 15 3 14 6

23 6 8 7 19 3 12 20

2 1 4

19 4 23 20 15 21

8 2 23 20

5 3 15 12 9

12 6 18 23 22 5 7 6

6 5 3 13 12 20 22

4 5 2 22 18 11 15

10 1 11

16 2 20 18

14 3 20 18 22

9 3 5 0 17

0 3 9 15 21

11 2 4 10

3 5 18 6 13 23 22

20 6 14 8 16 6 19 23

13 5 7 3 22 18 6

18 7 15 4 13 12 16 14 3

7 3 23 13 12

21 2 0 19

1 1 15

17 2 15 9

29

15 0

22 2 19 18

28 3 1 13 14

11 0

5 1 14

10 0

7 0

12 1 23

3 0

6 1 23

8 0

26 0

16 0

1 2 23 28

4 0

23 3 1 6 12

0 0

19 2 21 22

24 1 18

14 3 28 5 9

20 0

18 2 24 22

9 2 17 14

25 0

2 1 21

13 1 28

21 2 19 2

27 0

17 1 9

33

25 8 18 22 19 32 23 29 12 26

5 2 29 27

21 3 0 15 7

17 2 2 12

20 5 24 23 16 6 9

8 7 3 18 6 16 27 19 4

31 4 14 27 12 28

18 6 8 4 10 12 13 25

9 3 3 20 10

22 4 16 3 25 24

10 5 12 0 9 1 18

3 5 22 8 9 28 27

15 2 21 28

12 7 10 6 18 31 17 25 2

26 5 0 25 4 23 32

28 3 15 31 3

29 4 5 25 7 0

11 0

19 4 8 25 6 0

0 5 21 26 10 19 29

7 3 29 1 21

2 2 17 12

23 6 25 13 6 16 20 26

1 3 10 13 7

6 5 19 20 23 12 8

14 2 31 27

16 5 22 20 23 8 27

24 3 27 20 22

30 1 27

13 3 1 23 18

27 8 16 5 8 31 30 14 3 24

4 3 18 8 26

32 2 25 26

39

11 4 28 16 7 1

37 5 26 25 21 24 4

18 2 21 22

36 5 25 15 19 12 29

21 3 18 37 7

3 1 0

33 3 14 9 15

16 3 22 11 14

4 4 1 35 37 20

6 4 29 13 5 35

35 4 4 6 29 5

9 1 33

24 5 37 5 10 2 13

17 4 14 1 23 28

15 4 10 33 36 27

29 5 7 6 20 35 36

7 6 34 23 29 11 25 21

34 4 32 7 2 14

2 5 20 31 34 24 8

30 0

20 7 29 0 2 38 12 10 4

38 1 20

22 4 18 16 19 32

23 3 7 17 0

32 4 22 34 12 10

8 4 2 27 13 31

1 5 11 0 4 17 19

25 3 36 37 7

0 4 1 3 20 23

12 4 20 32 36 31

26 3 37 31 13

31 4 2 8 12 26

19 4 10 22 36 1

28 3 17 11 14

13 5 8 6 24 26 27

10 6 15 24 19 20 32 5

5 4 35 10 6 24

14 5 16 33 28 34 17

27 3 13 15 8

46

16 5 45 43 8 13 20

42 1 23

30 2 4 32

7 2 18 41

9 1 14

45 2 0 16

20 3 19 18 16

32 2 12 30

8 1 16

22 0

41 2 44 7

11 0

26 0

10 0

15 0

24 1 29

43 2 6 16

2 1 44

23 3 40 42 29

31 1 14

5 0

13 2 36 16

28 0

36 3 29 17 13

38 1 35

4 3 30 37 19

27 0

3 3 29 33 37

0 2 25 45

25 2 12 0

17 1 36

19 2 20 4

12 2 25 32

40 1 23

29 5 23 3 36 24 39

35 2 38 6

33 2 44 3

37 2 3 4

21 0

39 2 29 14

6 2 35 43

34 0

14 3 9 39 31

1 0

44 3 41 2 33

18 2 20 7

48

0 5 20 17 45 21 30

25 1 18

4 2 12 31

20 2 0 46

14 3 47 8 44

40 2 19 47

36 6 12 28 46 26 1 29

17 4 46 30 0 31

42 2 1 24

27 3 12 47 34

39 3 16 23 8

8 3 39 47 14

44 4 1 15 14 34

13 5 18 16 12 37 22

33 1 28

26 3 41 19 36

19 5 31 12 40 26 23

41 6 16 29 26 18 34 37

18 4 13 45 25 41

30 7 24 45 11 17 0 5 2

21 4 37 0 2 35

9 4 23 35 12 16

22 5 35 12 16 45 13

1 5 46 45 44 36 42

16 6 9 13 38 39 41 22

7 3 46 12 35

12 9 6 19 27 36 13 4 22 7 9

15 2 32 44

35 4 21 22 7 9

3 2 45 32

28 3 11 33 36

31 5 17 6 19 4 10

24 2 42 30

10 2 47 31

34 4 44 29 41 27

45 7 30 32 1 0 3 18 22

2 2 21 30

37 3 21 13 41

32 3 15 3 45

5 1 30

11 2 30 28

43 1 46

6 2 31 12

29 3 41 36 34

38 1 16

23 3 19 39 9

46 6 1 7 36 43 20 17

47 5 10 8 27 40 14

49

47 0

9 0

23 2 8 6

3 1 39

4 2 44 40

5 1 14

0 1 48

31 1 2

8 3 23 35 10

20 2 42 17

43 1 6

11 2 40 22

12 0

2 1 31

32 3 14 27 6

35 2 29 8

16 0

15 0

18 4 1 34 44 26

29 3 19 14 35

13 0

38 3 39 37 14

28 1 33

36 0

24 1 40

26 2 18 17

41 0

17 2 26 20

33 1 28

37 2 6 38

7 0

27 1 32

42 2 46 20

1 3 40 19 18

34 1 18

45 0

6 5 43 23 37 25 32

46 1 42

19 2 1 29

21 0

40 4 24 1 4 11

10 1 8

39 2 3 38

30 0

44 2 4 18

22 1 11

25 1 6

14 4 32 5 29 38

48 1 0

52

0 0

40 0

51 0

15 0

4 0

49 0

25 0

44 0

47 0

9 0

12 0

10 0

30 0

7 0

6 0

13 0

48 0

17 1 41

34 0

33 0

20 0

22 0

11 0

23 0

43 0

1 0

50 0

24 0

16 0

29 0

46 0

14 0

5 0

36 0

21 0

19 0

32 0

37 0

38 0

2 0

39 0

3 0

31 0

27 0

35 0

18 0

26 0

28 0

42 0

45 0

8 0

41 1 17

59

54 1 14

21 1 12

43 3 22 55 47

2 3 28 13 49

8 2 10 52

5 2 15 58

37 3 12 30 49

15 2 17 5

25 2 36 57

9 1 46

4 3 16 33 47

50 0

33 3 52 4 39

10 2 11 8

42 3 35 44 53

0 0

16 1 4

19 3 3 52 48

34 5 40 27 36 45 57

51 2 29 49

20 0

53 2 42 24

52 4 33 8 6 19

31 1 6

24 4 44 45 14 53

49 4 2 51 37 11

40 2 34 6

32 1 27

6 6 31 40 39 52 11 48

26 1 18

11 3 6 10 49

18 2 47 26

38 0

39 3 6 13 33

23 3 57 58 44

35 1 42

36 3 25 30 34

27 2 34 32

28 2 2 13

57 4 34 7 25 23

22 1 43

41 0

12 2 37 21

17 1 15

58 3 3 5 23

29 1 51

45 4 14 24 3 34

47 3 43 18 4

30 2 37 36

3 3 19 45 58

14 3 45 24 54

56 0

7 1 57

1 0

46 1 9

55 1 43

44 3 24 42 23

48 2 19 6

13 3 28 2 39

9

0 1 4

1 2 2 3

2 3 3 8 1

3 4 1 2 4 5

4 3 5 0 3

5 4 4 3 6 7

6 2 5 7

7 2 6 5

8 1 2