5
5
1 3
3 4
4 5
5 2
2 1
0 
5
1 2
2 4
4 5
5 3
3 1
0
5
3 1
2 4
4 5
5 3
1 2
0 
6
1 2
1 3
2 3
4 5
4 6
5 6
0
4
1 2
2 3
2 4
3 4
3 1
0
6
1 2
1 3
1 6
3 2
3 4
5 2
5 4
6 5
6 4
0
2
1 2
0
1
0
40
1 2
2 3
3 4
4 5
5 6
6 7
7 8
8 9
9 10
10 11
11 12
12 13
13 14
14 15
15 16
16 17
17 18
18 19
19 20
1 9
10 20
2 4
3 5
4 6
5 7
11 14
12 15
13 16
14 17
21 22
22 23
23 24
24 25
25 26
26 27
27 28
28 29
29 30
30 31
31 32
32 33
33 34
34 35
35 36
36 37
37 38
38 39
39 40
21 29
30 40
22 24
23 25
24 26
25 27
31 34
32 35
33 36
34 37
20 21
0
40
1 2
2 3
3 4
4 5
5 6
6 7
7 8
8 9
9 10
10 11
11 12
12 13
13 14
14 15
15 16
16 17
17 18
18 19
19 20
1 9
10 20
2 4
3 5
4 6
5 7
11 14
12 15
13 16
14 17
21 22
22 23
23 24
24 25
25 26
26 27
27 28
28 29
29 30
30 31
31 32
32 33
33 34
34 35
35 36
36 37
37 38
38 39
39 40
21 29
30 40
22 24
23 25
24 26
25 27
31 34
32 35
33 36
34 37
20 21
1 40
0
40
1 2
2 3
3 4
4 5
5 6
6 7
7 8
8 9
9 10
10 11
11 12
12 13
13 14
14 15
15 16
16 17
17 18
18 19
19 20
1 9
10 20
2 4
3 5
4 6
5 7
11 14
12 15
13 16
14 17
21 22
22 23
23 24
24 25
25 26
26 27
27 28
28 29
29 30
30 31
31 32
32 33
33 34
34 35
35 36
36 37
37 38
38 39
32 40
21 29
30 40
22 24
23 25
24 26
25 27
31 34
32 35
33 36
34 37
20 21
0
40
1 2
2 3
3 4
4 5
5 6
6 7
7 8
8 9
9 10
10 11
11 12
12 13
13 14
14 15
15 16
16 17
17 18
18 19
19 20
1 9
10 20
2 4
3 5
4 6
5 7
11 14
12 15
13 16
14 17
21 22
22 23
23 24
24 25
25 26
26 27
27 28
28 29
29 30
30 31
31 32
32 33
33 34
34 35
35 36
36 37
37 38
38 39
39 40
21 29
30 40
22 24
23 25
24 21
25 27
31 34
32 35
33 36
34 37
20 21
0
40
1 2
2 3
3 4
4 5
5 6
6 7
7 8
8 9
9 10
10 11
11 12
12 13
13 14
14 15
15 16
16 17
17 18
18 19
19 20
1 9
10 20
2 4
3 5
4 6
5 7
11 14
12 15
13 16
14 17
21 22
22 23
23 24
24 25
25 26
26 27
27 28
28 29
29 30
30 31
31 32
32 33
33 34
34 35
35 36
36 37
37 38
38 39
39 40
21 29
30 40
22 24
23 25
24 26
25 27
31 34
32 35
33 36
34 37
20 21
22 23
23 34
40 1
11 12
13 14
5 14
7 21
9 12
0
40
1 2
2 3
3 4
4 5
5 6
6 7
7 8
8 9
9 10
10 11
11 12
12 13
13 14
14 15
15 16
16 17
17 18
18 19
19 20
1 9
10 20
2 4
3 5
4 6
5 7
11 14
12 15
13 16
14 17
21 22
22 23
23 24
24 25
25 26
26 27
27 28
28 29
29 30
30 31
31 32
32 33
33 34
34 35
35 36
36 37
37 38
38 39
39 40
21 29
30 40
22 24
23 25
24 21
25 27
31 34
32 35
33 36
34 37
20 21
22 23
23 34
40 1
11 12
13 14
5 14
7 21
9 12
0