13
2 3
0 1 10
0 1 20
0 0 30
4 5
0 1 1
3 1 2
1 2 3
2 3 4
0 2 5
3 2
1 0 100
2 0 115
7 9
0 1 50
0 2 60
1 3 120
1 4 90
2 5 50
3 5 80
3 6 70
4 6 40
5 6 140
4 8
0 1 50
0 2 60
1 1 20
1 2 59
1 2 65
1 3 60
2 3 62
3 0 45
2 6
0 0 10
0 0 30
0 1 20
0 0 10
0 0 20
0 0 30

5 3
1 2 4
2 3 7
1 3 1

100 10
5 6 99
7 10 1
68 1 66
9 11 13
8 5 14
7 19 17
13 19 5
18 28 32
32 6 54
1 9 11
2 3
0 1 30
0 0 10
1 1 20
5 7
0 1 100
1 2 115
2 3 99
3 4 77
4 2 32
0 3 85
2 4 52
10 20
0 2 14
0 1 50
3 4 34
5 7 68
4 8 31
9 8 1
8 4 3
0 0 12
1 1 64
9 9 47
9 7 17
6 7 2
4 9 49
2 2 7
3 2 11
4 5 97
6 8 84
2 8 71
7 2 32
7 7 841
7 11
0 1 7
0 3 5
1 2 8
1 3 9
1 4 7
2 4 5
3 4 15
3 5 6
4 5 8
4 6 9
5 6 11
100	10000	
13	40	899
74	80	145
85	69	345
11	88	477
86	30	485
22	60	803
84	11	936
25	63	94
21	22	528
90	39	289
95	42	154
41	40	273
41	71	483
64	93	841
50	10	672
51	3	300
42	12	940
61	34	796
85	68	250
73	76	820
25	94	178
46	58	631
77	60	627
40	84	97
51	63	942
19	64	64
18	66	191
96	72	887
38	11	849
0	39	496
4	81	302
14	59	309
67	51	399
60	34	961
0	94	536
54	64	302
70	24	652
84	44	127
5	37	392
26	26	378
45	77	575
25	85	195
26	60	859
96	2	557
55	37	853
26	24	297
77	5	989
5	71	506
51	91	145
32	3	249
32	48	612
10	71	247
86	92	432
14	77	562
44	55	239
88	36	750
65	59	796
63	49	380
99	65	847
84	50	69
46	52	222
68	1	999
18	72	856
60	25	469
30	11	181
16	36	419
95	59	280
91	27	114
58	64	745
42	57	366
49	1	5
42	29	958
58	93	383
75	65	169
84	97	838
49	74	671
31	61	743
57	54	199
46	31	333
39	46	688
86	89	617
14	3	658
46	93	942
59	55	228
4	81	595
52	33	876
41	32	648
11	24	288
90	6	878
93	67	106
31	70	455
33	67	98
85	67	390
54	49	475
3	5	49
65	11	825
0	58	199
87	9	666
6	8	767
42	17	940
87	45	876
92	41	365
25	12	67
94	68	714
41	44	830
96	90	555
80	82	509
78	76	888
16	47	800
55	80	470
71	26	974
52	36	682
77	56	575
63	18	877
87	45	665
57	62	450
25	88	725
38	6	451
22	81	601
12	37	53
39	89	752
32	27	23
62	37	738
66	51	343
37	98	431
1	83	495
53	22	578
76	76	952
59	48	589
45	89	501
97	78	953
49	37	540
82	70	635
37	28	954
2	46	285
49	27	320
45	56	297
40	10	30
8	37	582
81	35	947
29	60	156
12	37	644
27	26	650
73	43	348
37	72	419
46	64	866
56	65	996
14	55	54
96	8	859
43	48	350
8	23	26
20	25	455
77	41	476
82	14	183
60	47	228
32	24	311
80	92	435
93	84	289
89	32	439
99	67	237
33	61	146
71	4	608
69	57	5
29	20	558
37	37	14
3	63	194
18	14	868
62	41	338
23	76	973
23	31	252
41	59	112
1	15	139
93	81	104
77	45	458
79	97	165
59	34	736
1	40	648
78	5	715
58	16	520
90	39	394
4	34	560
32	81	891
51	40	820
65	58	541
96	33	179
63	39	775
67	39	64
96	38	130
38	65	976
38	72	551
32	33	363
76	27	335
49	14	382
19	36	958
97	64	11
20	47	776
62	67	576
54	95	369
36	20	353
12	20	55
4	80	602
62	25	88
19	22	826
41	88	637
40	19	870
92	45	291
35	11	492
39	56	424
22	3	472
18	10	141
75	7	703
81	20	733
89	42	305
24	28	565
2	23	158
29	52	697
73	38	864
99	99	3
25	39	745
72	68	586
45	56	282
44	9	1000
49	19	354
38	83	292
92	34	482
41	11	588
41	34	861
70	77	338
94	4	997
24	39	813
13	52	973
51	64	511
69	31	460
72	83	236
99	86	546
99	47	514
94	22	311
22	52	35
59	41	149
7	8	853
17	22	758
84	45	868
50	91	782
4	16	209
45	50	811
34	66	976
21	79	97
18	33	987
50	2	776
24	8	696
38	88	940
78	78	405
46	49	250
97	11	734
15	88	899
9	92	27
56	8	437
39	25	894
27	88	116
16	47	380
69	85	916
17	65	85
54	80	578
90	12	111
49	45	825
89	37	804
39	0	50
46	2	790
96	97	341
45	95	898
90	70	335
52	7	795
8	45	129
92	81	321
95	87	474
77	50	469
17	34	987
46	78	695
69	69	760
37	32	954
31	9	298
73	47	594
44	38	643
36	56	547
62	96	512
91	84	263
9	69	866
70	18	848
93	19	848
22	58	301
41	67	23
97	18	41
23	34	510
29	15	774
64	28	21
1	11	820
52	65	989
31	99	698
56	30	448
94	63	836
62	43	118
4	60	938
40	82	510
21	60	96
13	51	107
60	97	261
91	97	817
18	62	611
8	28	323
88	74	688
21	66	701
79	63	603
20	46	9
99	96	548
59	88	500
18	51	552
54	45	384
77	70	174
80	99	992
52	16	663
4	77	523
78	4	837
13	82	475
63	89	194
65	76	448
12	46	555
18	56	55
11	30	853
68	39	642
83	84	924
12	27	483
42	12	725
50	64	899
1	25	816
18	47	6
98	90	225
96	4	385
11	42	374
43	95	797
66	12	952
47	41	413
25	36	679
24	89	618
63	41	996
64	75	830
70	1	293
65	31	622
42	64	192
87	14	134
88	26	405
93	55	550
58	96	406
22	83	312
43	6	738
38	99	794
22	5	741
57	95	791
60	43	803
20	37	297
18	18	257
52	52	737
3	71	925
87	82	621
58	13	240
2	8	525
99	11	251
16	0	457
40	76	501
38	5	841
32	97	570
34	92	748
89	1	467
40	76	652
0	51	518
18	23	505
5	82	346
66	98	903
88	5	201
68	7	444
33	57	696
12	7	820
67	9	821
28	59	810
16	44	813
82	45	752
50	17	824
41	33	703
87	4	608
81	12	918
68	54	730
52	12	725
58	2	1
63	37	290
5	46	682
5	66	634
4	82	353
12	1	60
12	38	15
2	82	150
72	94	622
37	73	296
46	41	357
65	42	828
13	94	870
42	91	798
29	0	643
11	27	198
8	76	862
28	16	991
89	65	578
17	92	774
79	11	765
63	14	190
82	43	106
38	17	149
52	17	104
49	61	863
18	18	597
45	47	567
14	19	672
72	83	260
9	90	37
50	6	994
46	87	217
48	58	482
34	78	128
98	22	703
46	94	472
6	66	853
85	85	47
36	7	497
48	99	511
68	81	57
32	45	999
87	77	566
99	82	402
28	3	821
89	49	294
42	8	721
52	81	948
58	29	695
94	93	677
84	32	616
12	64	982
72	40	920
67	86	509
69	91	499
93	15	864
37	47	991
96	12	874
13	65	166
33	81	606
6	80	942
7	82	823
39	42	675
83	13	177
69	23	421
48	2	395
74	99	203
40	31	554
11	69	864
36	19	91
97	91	533
26	1	487
69	96	385
11	61	409
64	69	42
42	83	84
51	25	980
36	7	854
47	24	523
98	14	548
73	55	455
70	9	467
89	44	853
44	59	357
87	11	735
15	51	275
44	91	651
37	37	685
22	85	536
35	90	255
14	1	8
29	0	273
29	73	872
72	14	493
84	41	535
69	21	680
82	34	588
88	57	220
54	91	643
13	6	240
86	13	505
1	23	89
70	48	451
36	62	528
83	9	408
28	95	534
50	29	684
97	14	628
13	2	537
39	52	726
27	17	217
85	2	738
67	60	539
45	34	655
8	55	476
88	36	65
70	64	668
84	17	280
57	28	167
9	32	332
54	20	990
91	96	879
52	15	140
58	50	125
18	38	349
81	48	133
34	70	146
40	91	729
71	46	977
7	74	646
81	39	46
10	85	321
27	70	106
71	60	302
51	64	62
85	88	843
43	33	160
12	99	186
10	19	466
73	0	986
67	72	138
7	86	604
74	94	141
44	35	607
74	57	845
80	83	328
74	61	148
99	96	530
77	47	161
56	61	598
95	73	702
35	11	367
43	39	269
96	81	241
19	95	248
58	54	850
92	20	273
73	41	789
60	90	543
4	59	275
15	34	397
93	40	529
53	63	383
2	75	339
47	48	385
62	16	908
33	86	999
63	24	864
13	85	141
65	65	759
20	52	918
20	67	936
97	14	329
43	74	830
8	91	355
74	48	319
54	68	537
99	46	890
73	57	920
16	11	365
3	20	165
35	40	113
53	13	105
54	89	316
83	6	29
80	82	68
49	75	587
94	5	999
80	41	663
28	79	98
90	23	179
4	11	253
78	93	538
90	13	431
11	2	441
82	48	383
2	84	448
44	38	882
73	77	549
25	42	169
97	10	548
29	80	530
32	63	773
64	1	616
51	18	119
46	47	459
93	17	902
57	35	745
17	41	891
26	74	641
84	41	162
50	94	103
35	74	289
87	89	574
52	11	180
51	83	993
92	61	119
86	50	478
77	49	254
69	50	412
52	67	253
39	90	537
86	81	977
64	71	665
53	54	433
12	94	148
77	40	505
79	11	981
80	16	556
39	86	733
71	85	584
57	32	868
88	91	941
44	10	936
10	17	564
24	61	795
29	83	345
56	63	735
82	63	868
71	73	899
44	58	198
52	60	93
61	80	209
17	33	625
66	75	45
23	51	737
21	56	378
29	2	426
14	60	122
34	55	249
71	25	154
49	39	57
40	24	460
85	90	106
47	90	595
5	18	927
83	66	47
57	53	879
90	76	399
89	96	657
21	61	490
91	27	982
65	19	151
59	2	691
69	58	484
50	95	955
95	16	709
82	65	898
5	66	580
74	29	791
18	92	450
38	45	714
92	81	126
19	57	911
30	76	209
8	5	855
22	24	263
22	69	779
48	21	658
27	16	694
37	18	819
78	5	787
51	57	704
20	49	604
7	76	512
19	45	613
1	62	829
18	49	513
6	12	413
3	25	861
19	32	761
25	87	147
37	33	96
63	80	953
11	88	882
71	28	991
25	98	183
69	75	404
7	1	938
71	35	675
8	56	705
91	17	100
52	19	615
97	31	194
67	99	168
9	31	310
41	38	462
3	37	774
19	17	402
33	82	327
60	70	18
79	3	84
93	31	111
4	5	399
95	4	653
99	34	615
94	71	630
18	10	671
86	97	250
90	41	305
97	88	858
56	3	917
68	84	318
23	35	799
26	38	200
62	51	311
96	36	993
18	77	11
33	10	364
35	90	995
3	5	69
83	13	613
76	93	979
21	2	939
53	65	238
5	55	710
0	51	528
1	7	369
29	63	302
62	25	150
67	77	741
61	38	661
50	40	200
14	18	724
8	95	474
77	75	921
1	10	823
70	34	852
81	38	829
99	99	441
54	50	361
45	64	14
40	79	550
75	13	164
39	26	583
94	18	896
85	79	155
59	65	214
70	14	172
25	27	334
60	47	786
94	22	524
30	70	135
20	74	727
28	75	887
0	36	720
2	27	101
58	45	381
30	79	151
38	18	396
91	92	579
36	90	767
69	18	68
93	65	684
65	60	446
96	5	682
16	71	126
30	65	824
50	27	491
37	76	58
43	46	190
37	88	63
32	69	192
95	73	854
36	47	624
85	9	119
44	22	541
84	23	263
75	7	939
74	82	355
63	13	157
31	81	596
51	21	748
41	17	722
64	28	903
57	10	435
1	63	371
18	48	494
61	42	495
95	79	320
17	18	791
60	1	271
35	9	961
99	43	275
7	91	337
17	34	752
66	88	72
80	17	734
77	50	435
47	36	903
69	11	80
13	28	243
58	72	372
87	62	47
71	58	818
99	42	712
43	25	497
19	28	334
95	57	99
30	4	999
16	57	157
1	82	517
37	20	262
97	46	374
88	68	590
77	27	141
95	57	674
81	64	606
54	55	589
7	91	45
36	65	379
78	80	252
52	1	909
20	7	662
96	45	864
38	55	476
71	59	43
56	84	790
48	21	627
49	17	346
14	45	962
30	96	291
87	26	555
93	24	445
81	43	890
76	77	5
54	65	912
71	67	692
31	78	174
4	47	989
98	86	377
32	77	683
80	95	266
15	25	961
40	36	302
26	83	638
14	21	830
69	66	694
79	71	893
99	22	32
66	48	987
12	2	817
91	58	523
91	86	486
10	9	920
65	67	233
74	87	208
40	17	795
61	74	639
23	0	545
14	47	871
67	36	988
20	79	527
80	90	128
82	5	968
71	51	215
41	61	168
8	78	141
84	81	197
99	95	174
39	75	791
65	5	169
4	51	606
68	28	735
49	64	35
94	85	891
17	71	220
14	82	905
96	20	705
49	17	979
99	58	961
55	73	786
14	38	113
81	32	288
54	13	268
56	30	212
67	4	728
82	92	912
2	40	610
44	36	415
51	23	573
45	30	753
45	97	485
54	90	796
40	2	348
50	83	319
15	67	95
34	76	790
82	13	323
36	96	594
34	84	939
8	6	437
75	27	857
38	36	301
45	64	999
36	40	561
3	57	775
50	47	328
41	68	184
13	16	957
6	57	964
22	87	969
37	25	974
81	86	292
29	19	903
15	49	734
38	22	992
34	58	789
92	20	767
78	92	99
55	55	658
60	83	441
61	67	781
59	27	954
1	23	269
20	52	363
85	61	478
54	76	373
15	43	609
33	65	951
1	90	274
55	91	398
20	39	195
51	98	40
76	16	561
44	69	941
78	48	622
73	3	177
60	56	280
64	14	722
90	32	570
4	75	89
95	56	950
22	37	399
74	86	305
88	62	279
50	99	886
45	43	437
72	97	566
35	76	938
53	16	60
56	21	162
15	60	303
49	15	913
77	61	535
93	56	933
39	41	35
72	11	862
90	16	726
87	51	126
44	28	227
61	75	274
52	32	937
30	82	77
30	14	479
77	24	601
97	51	232
2	60	506
68	27	235
37	39	421
39	35	498
31	36	220
23	92	142
14	48	26
79	37	286
20	79	610
47	45	253
62	9	974
84	54	846
79	85	498
21	43	281
10	44	168
24	32	939
56	63	258
53	53	91
69	79	301
99	32	137
79	18	426
8	37	471
49	57	808
25	21	657
23	49	627
70	71	815
69	19	686
2	55	173
98	72	804
6	47	740
63	53	814
68	97	861
88	55	668
5	79	320
18	84	608
58	76	438
76	64	469
48	3	929
66	2	23
58	50	627
24	72	274
79	99	718
99	70	402
31	19	625
87	78	33
9	3	408
91	8	558
66	55	966
42	84	543
13	12	314
95	27	644
69	39	832
11	93	417
34	53	87
41	19	746
30	96	311
70	34	552
73	49	348
80	42	596
14	66	492
8	49	727
34	74	169
15	38	437
97	76	258
85	86	642
80	17	901
19	72	312
12	35	287
53	60	734
34	54	926
10	4	172
37	83	842
85	7	260
49	18	159
14	52	547
19	52	521
54	51	854
13	24	571
54	18	532
58	20	975
37	78	869
68	91	161
63	79	678
9	95	87
19	86	863
39	1	20
22	78	91
83	93	789
65	9	1
45	74	40
38	44	137
32	91	943
1	79	810
78	92	642
10	95	428
83	83	395
49	46	258
63	36	529
72	36	564
82	97	339
61	81	582
95	47	655
68	66	373
7	35	688
95	96	514
56	0	497
88	74	502
43	38	575
83	55	842
33	86	814
1	0	599
9	15	321
83	28	145
48	90	639
81	50	253
57	36	541
23	16	845
23	54	803
38	1	882
60	22	400
48	12	131
85	50	106
35	32	918
24	68	990
38	75	431
10	99	759
73	12	93
61	69	878
70	35	287
9	96	239
93	62	787
19	81	252
48	78	481
82	59	94
81	60	210
82	16	336
6	47	318
9	43	135
74	61	886
59	95	661
48	31	598
66	54	809
57	55	986
58	19	49
23	84	875
28	24	847
74	93	782
18	34	5
47	45	813
48	20	873
79	57	609
26	21	346
1	24	295
7	63	546
47	61	530
87	16	260
42	92	859
74	11	836
35	39	116
73	0	384
0	49	497
73	76	72
5	28	833
51	27	859
76	26	316
11	93	535
79	31	267
52	54	998
70	56	259
82	88	338
52	34	956
32	73	986
57	25	32
84	17	237
74	39	285
19	23	851
89	48	65
71	77	73
11	95	960
78	30	699
90	85	311
62	54	982
73	73	574
7	57	230
8	38	601
99	57	385
59	14	881
18	31	484
45	20	747
88	19	390
61	15	529
50	1	157
83	7	26
80	40	706
29	66	185
69	10	129
67	45	340
93	12	305
34	58	233
65	33	203
40	21	653
88	3	581
67	1	185
91	77	319
50	85	486
17	52	203
13	31	73
11	83	36
78	37	690
48	69	239
71	50	128
33	29	616
37	18	840
90	23	261
73	10	620
28	38	282
49	15	985
50	28	585
0	22	10
22	49	57
50	65	779
97	3	141
5	95	996
25	97	558
88	29	178
4	61	159
21	95	256
83	99	780
76	85	705
26	16	436
74	60	475
4	69	558
57	31	789
72	67	113
45	53	781
50	56	488
10	82	109
44	90	894
34	12	101
51	8	367
58	67	87
68	17	734
63	54	933
24	60	401
64	41	702
42	27	785
88	99	540
48	27	755
84	72	768
28	76	959
62	60	563
54	98	293
53	76	901
94	6	188
35	84	553
15	81	450
38	47	377
84	91	582
73	34	106
23	54	396
93	3	68
40	98	965
77	53	621
73	58	821
0	31	866
87	8	781
39	56	775
4	39	563
83	46	363
93	52	815
45	61	462
71	97	96
12	59	914
31	19	900
51	92	303
78	12	948
54	62	50
40	51	89
40	61	560
11	30	278
84	88	261
78	25	623
10	55	868
87	39	290
1	67	761
40	66	826
25	5	587
34	77	607
10	95	954
21	14	653
23	12	564
56	83	187
40	22	567
5	91	547
83	87	439
83	58	425
92	23	15
58	88	242
39	13	384
63	47	505
59	56	210
87	51	457
82	97	826
64	68	112
97	68	524
60	25	616
57	91	500
81	53	791
0	79	295
81	86	407
92	97	429
93	66	47
54	19	429
49	35	658
12	40	930
31	77	150
15	36	713
37	72	16
51	13	513
13	2	765
89	16	118
33	36	149
77	37	313
56	59	194
18	83	526
22	33	619
65	26	465
47	18	912
10	6	840
48	45	389
39	60	505
89	70	774
13	28	866
37	58	794
59	47	433
78	28	843
74	11	511
77	53	215
89	33	965
25	38	4
97	78	528
64	53	51
74	72	307
56	97	87
65	46	636
13	50	302
57	60	501
24	78	866
33	6	505
53	63	363
97	96	331
69	86	571
97	85	339
7	85	348
38	74	695
65	53	411
32	65	399
14	23	763
55	39	70
23	45	225
96	55	751
31	62	463
78	50	537
78	70	263
17	53	787
28	85	162
64	44	326
24	86	556
55	16	67
41	4	797
60	84	754
10	89	219
86	19	205
78	31	742
4	41	316
46	14	650
80	7	256
45	96	696
40	3	269
76	53	703
76	57	419
34	84	622
62	77	234
23	45	266
32	51	619
86	65	496
39	44	931
98	45	260
2	5	788
81	48	814
88	38	258
23	22	433
48	10	835
77	83	532
60	2	997
1	50	353
29	19	400
4	27	931
65	72	217
25	1	453
33	81	262
40	56	359
92	81	302
55	15	329
4	89	361
14	9	376
87	40	417
24	74	542
81	84	610
92	27	109
82	99	638
63	45	953
39	31	23
65	57	151
36	25	877
29	62	771
4	25	326
31	46	631
45	69	671
95	25	203
49	2	58
39	96	541
48	0	312
90	54	275
65	34	57
96	93	393
41	74	357
24	35	961
16	25	647
22	25	657
80	7	72
17	21	454
72	3	507
34	72	514
65	98	285
87	21	484
93	81	223
0	33	696
34	19	115
40	3	423
48	88	416
6	8	150
73	95	866
32	90	404
95	31	755
90	58	123
57	73	295
35	26	355
82	46	684
50	42	789
29	40	464
94	66	778
16	43	895
39	14	456
3	51	508
99	95	329
94	32	956
91	64	635
52	21	898
5	37	520
4	68	197
16	85	142
88	25	455
73	72	648
64	41	214
9	30	53
20	4	325
10	70	194
41	9	93
62	15	17
98	14	192
15	76	753
3	43	448
55	47	534
11	18	19
84	81	356
89	31	26
91	92	986
93	15	933
20	68	442
60	18	919
68	8	697
83	0	520
10	98	326
20	65	358
0	22	318
12	45	829
71	51	86
12	55	399
37	85	249
21	4	553
90	86	338
79	1	633
2	92	844
82	35	805
55	6	715
94	82	372
54	42	794
65	59	992
68	90	905
74	51	368
92	0	346
59	17	650
53	28	907
98	36	372
78	33	51
5	9	26
99	95	32
97	89	864
15	52	420
23	48	18
64	81	791
36	27	48
27	61	230
39	47	952
14	43	275
77	95	412
87	19	376
59	74	947
51	11	723
24	6	911
56	85	173
16	61	107
87	72	426
57	16	977
95	6	363
4	20	342
5	90	303
34	91	477
2	30	584
5	75	639
98	57	872
83	81	914
29	47	247
64	87	885
23	2	116
95	88	758
55	2	127
36	93	862
20	63	995
22	14	16
11	9	396
98	79	500
16	88	569
46	9	452
17	40	807
2	28	946
11	1	441
14	47	734
39	11	325
67	40	971
80	69	591
35	16	410
72	74	483
86	97	246
82	24	836
42	79	20
10	87	302
80	44	877
85	9	346
49	6	624
0	20	439
87	83	915
18	10	258
11	58	911
74	83	866
82	9	16
66	15	809
35	64	438
81	54	306
3	26	612
82	45	172
41	43	708
47	57	948
58	33	143
99	4	323
87	21	74
1	95	945
10	88	589
16	99	599
90	2	560
80	74	425
99	43	423
34	95	500
57	9	4
5	79	483
99	88	442
94	8	883
82	22	234
43	14	8
94	17	252
14	17	493
89	69	916
81	46	104
55	29	300
65	59	427
69	89	380
66	73	414
92	67	304
53	76	962
81	76	693
51	30	102
59	61	623
49	84	517
14	38	361
70	36	404
5	43	817
64	32	238
26	24	877
18	2	338
42	61	750
46	91	663
25	74	496
3	54	830
98	8	640
91	25	362
85	11	843
66	66	525
80	75	894
13	35	954
44	21	410
22	50	280
35	96	951
15	22	175
63	6	953
47	1	362
64	70	616
10	47	293
27	81	393
17	71	937
42	24	525
4	33	450
97	23	388
20	22	156
95	1	469
19	94	844
75	54	23
16	84	266
35	39	623
11	98	748
95	8	113
94	0	100
31	45	651
67	81	171
31	35	822
70	8	314
19	67	728
46	59	365
45	42	178
19	18	806
42	41	975
53	44	721
1	75	585
70	10	565
61	58	929
55	44	958
36	7	25
34	18	230
8	23	216
88	90	116
69	25	960
65	73	103
94	8	128
43	97	210
5	35	985
77	26	202
52	70	986
2	90	172
32	6	38
79	40	817
55	96	878
63	71	536
58	58	401
58	96	986
37	24	192
31	83	254
69	53	85
61	87	693
92	32	783
13	71	291
37	10	250
56	69	183
51	98	832
37	26	390
13	80	722
82	99	423
29	38	913
55	49	21
74	56	621
67	1	883
78	30	716
55	2	707
74	29	794
78	91	580
64	96	128
61	72	731
27	83	111
70	37	883
82	53	691
6	14	386
0	39	617
75	43	662
91	71	230
62	26	768
20	19	167
16	86	229
92	96	160
16	14	799
99	54	457
43	57	893
41	5	455
40	82	940
67	39	82
44	72	820
17	65	858
63	23	859
94	29	274
0	67	307
41	38	874
59	79	864
43	82	629
6	48	267
18	53	238
39	17	96
65	14	974
43	36	759
63	56	912
59	37	769
20	41	185
92	86	592
23	73	869
4	5	380
4	77	653
83	18	450
63	49	719
53	87	648
81	37	6
89	85	63
41	72	705
29	92	146
20	53	860
55	55	53
9	25	59
1	31	467
44	89	33
71	65	223
93	62	949
74	82	111
41	92	744
2	94	132
91	26	129
89	48	392
11	31	105
29	81	538
38	65	199
96	74	691
75	40	750
43	62	348
20	98	881
58	45	363
75	70	181
27	85	310
17	86	456
90	38	290
72	74	436
28	12	875
38	6	858
52	82	849
44	77	948
53	47	395
87	85	697
81	74	326
98	91	246
89	21	109
77	41	940
51	52	279
72	27	847
96	43	885
20	81	76
37	69	185
8	10	300
91	69	876
80	97	994
0	62	368
44	15	443
60	78	464
36	23	365
71	45	477
64	30	324
74	44	506
55	38	121
3	51	464
63	4	148
44	11	437
59	89	616
90	72	868
68	69	328
54	68	832
55	10	647
11	95	871
96	32	709
39	19	898
15	62	205
1	25	708
3	91	987
0	70	929
85	1	696
6	52	847
50	93	452
94	88	737
54	27	744
15	19	452
16	44	966
29	33	433
86	20	934
69	29	343
65	20	842
28	4	310
90	23	901
44	31	669
44	76	390
51	75	330
36	88	844
76	10	970
88	88	608
15	40	343
54	83	524
41	30	679
58	96	439
36	56	976
20	22	150
14	69	45
17	86	45
39	83	86
70	0	675
4	43	299
3	67	421
32	96	655
46	30	447
99	62	270
28	48	977
79	52	226
93	6	450
54	40	280
48	54	896
97	37	312
56	50	918
94	16	157
15	95	24
56	20	96
94	50	373
74	52	52
94	38	899
35	4	960
9	32	187
52	67	258
78	23	945
22	77	999
77	34	288
57	24	242
53	29	720
78	99	102
57	30	397
21	94	339
83	66	457
17	30	154
11	2	318
45	53	286
76	72	56
36	82	222
16	44	120
34	63	910
81	78	17
80	41	433
28	98	251
3	85	380
44	97	20
76	37	864
89	69	105
36	33	643
67	45	570
91	1	187
51	49	457
34	92	936
10	85	44
24	61	399
64	51	790
80	56	888
78	39	344
26	7	49
16	81	322
97	49	262
40	21	863
13	10	809
67	59	699
20	68	419
43	26	34
37	96	465
41	57	670
11	14	404
44	48	416
57	55	62
86	67	429
4	98	477
90	27	891
31	55	454
88	72	832
1	93	196
62	98	73
25	11	665
93	92	987
63	84	724
45	11	887
2	23	975
16	20	321
73	94	794
5	57	226
48	41	442
13	55	827
18	0	565
66	34	711
78	36	822
83	57	45
18	92	4
83	23	533
66	7	93
72	60	636
30	92	440
77	82	944
79	99	987
78	43	681
43	4	83
0	64	32
43	17	665
73	8	453
97	49	312
93	30	789
40	65	11
97	3	480
88	89	985
2	74	256
16	50	713
73	61	850
73	77	453
55	89	822
62	47	469
55	95	471
52	96	227
79	8	800
21	3	548
62	73	496
80	51	226
84	47	432
86	90	495
25	80	396
73	10	169
99	37	475
90	87	338
84	58	76
52	96	967
37	39	920
96	52	242
81	68	705
39	28	153
48	8	496
79	62	598
58	52	131
15	7	915
54	13	937
26	37	171
42	87	396
45	2	398
10	19	682
48	84	447
69	30	28
65	93	73
59	17	661
35	90	401
25	50	687
6	49	408
2	19	979
45	10	671
92	73	329
96	86	574
34	29	300
60	78	959
86	2	345
28	47	605
36	46	579
55	7	18
19	30	122
65	18	969
49	9	673
85	97	26
22	54	288
33	44	410
23	37	594
39	11	209
85	41	390
61	36	624
57	48	973
63	87	676
85	83	650
67	51	513
50	75	322
50	25	637
9	62	519
37	70	74
71	98	316
85	4	713
35	29	823
39	28	790
33	13	831
44	12	788
21	71	889
28	35	259
12	35	522
99	49	113
35	17	455
59	81	884
87	87	58
94	75	953
7	54	253
64	49	189
2	12	233
63	95	712
79	29	449
69	13	610
48	73	583
50	46	356
12	53	797
76	41	204
90	98	957
16	17	254
7	92	65
62	53	607
52	73	872
13	58	856
16	71	980
14	69	390
81	41	297
6	13	231
35	50	79
18	53	413
18	16	700
41	29	464
56	66	187
5	89	261
72	89	998
22	71	935
4	43	761
45	79	638
41	15	294
16	67	908
36	1	634
79	50	47
42	55	724
71	13	617
85	97	982
60	11	924
15	41	396
97	34	4
35	40	109
37	15	523
80	75	11
15	3	315
14	65	834
74	76	56
56	51	797
23	92	386
82	23	577
60	3	159
47	25	248
52	42	98
64	51	334
86	62	374
89	2	376
24	99	438
17	93	250
59	82	107
29	78	517
36	40	850
18	18	576
75	18	285
17	63	702
20	21	19
23	31	532
1	21	230
36	24	532
22	39	306
0	43	884
19	43	494
51	19	230
37	47	334
31	41	920
99	12	243
8	94	87
45	90	609
91	3	483
17	81	869
19	15	178
88	12	209
21	91	358
36	82	937
45	97	122
87	57	682
73	58	627
26	63	767
97	91	384
66	27	412
66	78	578
55	92	144
7	95	591
45	24	388
45	4	303
55	88	23
98	62	472
62	28	444
64	23	944
82	59	294
24	84	660
67	43	700
46	20	272
15	89	529
35	68	194
90	2	616
56	57	422
67	17	473
0	26	503
49	36	227
32	75	856
26	71	357
53	7	647
43	97	624
66	54	208
66	30	938
65	87	254
3	82	416
99	53	162
94	58	573
29	40	883
3	53	15
66	85	476
27	59	673
36	87	37
97	61	243
41	11	189
4	98	298
15	84	645
97	88	871
2	35	918
21	21	114
26	53	753
7	3	991
83	95	681
54	15	440
63	32	434
37	48	389
11	5	706
17	43	667
27	0	160
50	8	915
24	61	303
16	94	45
73	57	601
14	47	811
98	4	915
26	86	971
5	48	497
32	22	523
46	45	870
68	32	951
95	2	831
15	78	431
70	43	127
86	5	376
49	15	633
18	97	420
4	81	235
48	78	320
99	72	756
24	3	966
90	97	413
37	31	969
87	79	907
18	17	438
75	49	685
37	58	719
42	65	800
44	80	201
21	46	889
56	99	140
28	88	629
10	4	745
13	78	611
76	77	343
31	35	594
66	44	510
52	4	671
98	22	960
23	80	989
6	46	499
42	33	941
9	96	671
34	65	680
69	64	719
55	14	655
76	21	187
18	24	515
64	26	298
33	0	138
30	75	472
51	36	683
19	7	638
10	87	782
54	17	863
5	37	540
86	78	27
80	86	830
39	0	629
12	18	379
20	38	461
48	58	965
35	48	866
24	59	944
27	53	575
59	27	769
93	42	172
66	6	648
11	87	324
55	22	4
11	65	968
42	80	32
3	32	813
37	63	928
80	7	284
40	69	569
29	1	132
19	20	335
15	36	356
26	61	24
16	58	539
69	0	922
3	9	539
93	10	658
46	97	74
71	87	703
13	28	806
31	71	700
84	19	874
95	6	734
43	70	528
46	71	750
28	23	819
42	97	496
72	71	469
98	69	12
23	9	648
68	25	57
14	97	680
40	64	869
74	26	81
32	61	400
22	20	444
68	84	892
32	35	177
42	2	224
71	83	395
24	48	806
50	73	450
48	33	781
29	36	966
93	43	768
48	22	863
23	32	295
5	90	237
84	32	382
31	68	404
52	6	797
90	79	397
95	25	909
7	84	651
22	6	830
67	6	494
28	60	549
73	21	676
12	39	545
52	82	675
91	41	238
90	15	898
82	15	710
21	19	776
38	2	959
87	20	172
5	23	216
99	45	824
57	52	952
56	69	460
0	65	386
79	7	734
46	95	601
28	62	481
69	73	339
31	0	712
99	91	383
21	4	266
40	44	540
6	68	300
66	96	192
66	15	347
44	87	788
99	36	345
12	45	525
62	64	797
62	76	194
36	70	771
29	11	800
50	86	546
21	0	107
20	71	74
81	49	256
28	53	398
54	62	571
15	74	425
21	4	965
70	63	661
2	68	944
74	25	622
44	38	239
43	91	108
31	84	526
95	73	583
25	45	361
67	36	559
72	34	102
95	60	952
92	38	130
92	27	31
14	75	128
35	22	383
94	88	291
87	32	564
59	41	97
53	8	706
26	95	304
6	61	362
33	17	584
69	34	806
49	67	18
54	37	115
44	26	154
56	62	402
31	67	955
6	98	141
31	24	869
5	25	48
96	77	960
61	3	677
99	3	973
9	0	86
86	26	872
21	72	858
64	34	758
13	99	542
59	12	837
99	97	29
74	88	445
26	41	397
70	40	789
84	85	570
85	29	846
57	76	983
56	14	278
73	60	737
96	53	802
35	18	254
80	72	738
84	31	148
65	52	303
36	12	477
73	81	298
8	15	33
71	73	774
45	56	747
37	91	37
71	11	668
59	13	920
38	91	624
25	19	664
0	23	368
34	19	948
70	84	444
6	12	873
81	64	367
21	95	405
89	18	20
40	30	519
58	34	421
12	98	982
78	79	595
56	10	923
49	66	355
3	58	871
89	37	685
82	7	928
78	99	476
44	45	651
38	15	488
90	7	691
17	28	124
35	24	831
70	44	922
54	82	565
72	59	792
52	66	787
3	75	481
60	87	747
3	29	313
38	39	778
2	4	55
38	12	935
94	21	423
71	55	389
40	93	664
91	68	524
34	37	573
25	70	845
13	50	993
39	12	350
60	32	749
37	28	297
15	79	158
37	40	88
70	1	150
97	68	304
41	54	371
55	19	856
44	20	849
45	39	205
88	26	518
60	50	570
0	31	532
41	6	142
79	69	389
79	43	783
27	72	596
14	87	646
0	50	685
62	40	203
30	77	204
90	75	355
73	69	909
54	72	340
74	40	659
61	64	853
0	29	806
21	79	170
1	3	530
46	18	967
48	56	936
75	78	59
38	94	240
64	71	429
51	94	423
37	39	940
27	14	762
77	89	744
27	46	252
26	41	421
46	61	53
82	37	124
47	9	730
6	35	469
26	8	284
60	62	187
61	11	727
56	80	163
35	35	948
29	20	789
55	9	213
16	40	548
54	26	231
56	58	16
68	67	7
28	30	240
78	66	401
21	8	985
93	33	797
3	64	999
2	97	311
3	96	780
92	58	923
90	50	62
49	48	712
33	26	310
9	92	730
19	15	208
44	52	174
42	58	174
31	42	145
38	96	471
1	11	162
42	91	330
77	24	933
58	87	631
80	30	171
0	81	41
22	2	432
31	39	175
13	35	850
36	75	741
71	43	358
20	43	472
87	43	70
83	70	65
77	25	193
56	58	66
79	53	13
9	52	166
78	18	414
97	79	109
36	39	4
69	42	381
69	83	562
34	23	275
50	80	561
61	15	647
63	8	404
54	37	106
22	57	574
65	46	197
34	94	775
87	33	299
49	87	874
58	5	427
55	6	102
81	19	12
3	40	496
94	42	320
73	21	557
27	4	46
69	69	125
55	80	693
23	68	167
19	78	779
6	36	470
47	25	735
48	59	142
65	61	413
80	13	438
99	43	945
5	6	110
94	26	340
7	50	909
56	82	75
3	93	216
23	37	727
66	6	190
18	81	334
63	16	683
15	38	715
47	68	852
10	16	727
8	66	483
12	50	931
29	21	418
26	34	668
10	59	775
88	17	803
88	56	721
40	11	209
98	42	249
39	2	1000
32	51	375
72	45	449
54	3	781
84	5	27
6	91	414
80	88	249
21	58	109
41	64	633
7	88	304
79	28	225
19	87	968
68	31	682
40	21	969
67	90	713
11	9	226
38	6	81
95	29	104
99	42	55
1	46	618
1	33	450
74	9	487
37	48	887
85	19	217
4	6	243
8	65	944
85	57	666
4	92	748
0	53	787
23	47	966
98	64	131
59	12	693
37	16	890
17	21	360
93	95	703
93	60	805
23	51	326
5	32	242
80	77	708
33	93	51
35	40	282
28	75	107
24	4	623
56	3	151
81	52	935
46	39	496
48	25	287
46	75	63
69	39	824
51	31	660
33	35	686
89	68	927
74	28	501
11	40	429
34	75	783
97	46	45
83	13	261
90	60	364
70	81	390
36	26	191
31	57	770
12	66	697
93	82	256
97	75	648
63	30	409
39	81	775
8	91	747
21	64	25
26	38	877
40	83	296
64	99	937
36	75	516
50	89	735
93	6	97
92	66	609
58	34	63
39	8	78
79	78	825
77	98	925
96	15	876
29	63	273
40	32	929
75	27	759
89	99	906
14	77	162
16	28	957
93	50	131
29	55	852
63	60	201
60	3	32
27	54	537
78	13	511
92	40	388
66	78	963
26	95	500
86	35	855
21	66	246
87	44	44
54	55	906
43	85	245
59	80	399
5	13	333
69	22	358
38	29	230
26	35	498
92	20	264
2	11	823
0	7	898
40	65	246
96	40	929
80	22	727
35	84	930
20	43	159
61	49	530
52	77	474
59	70	756
98	23	277
50	23	277
61	20	822
37	28	506
4	22	341
47	75	205
97	33	593
88	16	133
28	70	777
29	18	401
60	25	867
83	17	3
35	79	41
6	49	616
78	27	773
59	34	913
94	47	401
4	85	393
59	2	575
11	8	34
12	48	230
91	68	510
57	96	763
97	25	645
72	57	447
70	86	296
30	65	382
67	99	108
75	37	928
22	63	537
54	9	455
61	36	96
6	32	601
15	39	644
45	94	287
30	37	295
0	71	91
44	49	95
11	56	27
45	29	376
6	41	340
10	91	426
12	35	440
48	80	53
55	44	55
32	85	618
73	67	538
65	95	468
75	86	205
43	7	534
90	68	145
14	34	375
53	69	332
90	72	105
12	11	856
15	34	951
41	58	653
24	3	262
98	80	559
57	42	681
31	35	120
36	92	432
1	35	90
64	91	286
8	1	159
14	42	949
67	31	816
73	25	654
35	90	85
32	34	487
22	91	451
87	34	414
44	91	29
16	69	516
59	39	752
22	62	293
29	22	221
3	25	65
50	40	974
86	62	654
23	19	865
75	3	63
94	11	925
13	67	589
43	43	401
65	52	254
95	42	808
0	50	383
61	45	721
37	73	682
8	87	366
85	84	697
78	86	951
8	52	647
90	87	823
46	38	100
57	66	424
16	12	326
11	97	921
3	57	837
38	79	448
77	95	209
15	65	103
69	67	645
77	70	58
57	8	499
27	38	862
87	48	387
17	65	529
52	68	311
51	98	94
44	62	374
64	66	620
22	44	432
82	22	417
48	6	742
12	64	45
92	66	820
31	69	885
91	4	553
38	37	130
89	91	808
66	61	603
84	20	567
55	81	144
49	62	598
21	2	170
92	92	431
95	46	747
37	18	830
25	36	575
7	82	544
89	82	113
40	19	602
89	35	821
54	79	871
61	75	380
13	48	453
35	83	892
96	63	258
37	84	94
50	8	887
65	21	566
16	72	815
59	55	684
73	10	777
48	12	171
32	91	388
91	9	191
34	64	621
15	23	257
39	80	128
11	57	542
84	25	814
58	94	441
77	47	342
41	78	492
25	89	312
64	3	695
77	9	707
10	97	656
60	76	684
73	14	319
47	98	824
73	80	743
8	53	735
92	42	345
86	76	81
35	52	705
10	51	750
85	37	918
93	31	244
22	75	467
82	80	908
65	85	728
44	75	605
0	89	905
96	81	731
88	15	212
56	63	669
17	31	461
93	11	724
25	4	251
73	49	508
9	65	62
97	20	43
61	74	304
23	68	739
1	74	162
71	22	750
25	5	392
37	84	374
18	15	839
28	3	87
56	96	439
28	43	884
68	2	642
74	7	365
87	75	742
57	77	369
49	62	841
34	53	278
24	90	43
7	20	403
25	47	911
67	22	696
78	56	164
58	10	843
69	66	990
49	97	354
23	42	867
17	52	961
17	4	472
88	10	293
59	97	87
28	50	173
99	22	387
48	56	520
18	55	188
50	25	544
25	67	775
80	97	781
54	2	659
39	47	214
15	29	445
49	3	951
64	27	101
81	15	76
27	30	219
11	72	80
80	9	78
14	40	742
97	39	802
84	83	988
55	86	772
21	15	201
50	84	899
74	85	472
23	5	908
71	38	119
45	3	521
75	19	911
74	21	839
5	0	177
91	72	365
41	71	422
36	78	875
84	61	174
55	39	632
56	56	543
78	32	67
65	96	911
53	99	151
51	19	65
30	31	821
47	55	790
63	69	331
42	24	57
58	16	400
19	0	996
66	7	234
2	15	201
87	38	526
63	55	415
9	36	953
61	99	779
78	11	807
63	91	717
48	94	522
86	46	633
12	22	735
48	29	71
10	34	740
51	58	618
97	84	320
20	64	888
10	80	761
86	34	704
0	79	241
6	8	897
2	79	32
53	91	39
12	42	318
38	70	384
6	4	507
46	90	555
8	95	832
17	42	792
42	24	999
71	47	148
14	29	947
15	2	276
69	1	758
19	15	902
21	87	274
1	40	55
97	13	263
45	61	890
81	67	387
28	82	666
25	29	456
69	86	75
40	24	270
65	87	329
1	79	216
25	35	467
92	13	572
55	26	479
69	8	717
39	81	598
23	10	242
53	68	67
43	4	224
9	28	570
65	32	204
26	39	348
30	83	493
54	73	562
95	17	87
10	13	432
45	90	551
73	62	755
4	54	956
81	36	279
43	3	392
21	40	615
4	20	905
78	50	869
53	37	736
60	9	782
10	41	358
29	71	430
87	17	801
7	1	107
6	68	416
0	73	604
19	5	697
16	49	777
16	89	529
24	0	920
39	97	796
54	60	631
50	66	809
89	23	991
53	19	41
91	63	270
43	19	258
84	48	74
7	64	567
9	74	567
6	76	916
85	44	455
69	0	570
63	10	631
98	74	227
70	22	89
69	79	161
81	33	401
55	16	249
55	49	473
99	69	120
50	25	640
95	94	763
68	73	484
62	90	977
97	73	481
2	10	669
22	70	438
56	9	61
72	35	171
69	9	470
99	59	757
93	23	526
1	42	765
58	18	149
75	94	461
30	40	167
32	80	240
12	10	314
2	83	780
21	49	389
78	86	651
73	53	911
25	30	869
53	96	33
19	67	954
78	99	178
94	23	232
90	4	90
16	51	948
73	43	147
58	25	379
44	30	774
46	36	63
73	14	163
78	6	679
70	54	66
43	47	70
24	26	683
50	88	450
20	94	958
57	21	911
53	43	410
2	73	603
56	39	559
91	31	61
13	76	388
89	48	994
79	24	802
74	98	211
20	83	420
11	24	138
88	74	438
48	94	441
12	40	232
82	14	882
16	86	399
87	59	416
28	31	367
43	54	100
42	34	5
44	29	212
7	19	27
73	74	314
35	51	842
6	95	301
51	33	725
22	10	937
61	93	271
5	78	237
65	98	973
55	10	385
68	34	116
76	89	772
14	73	833
91	66	319
35	63	902
64	79	817
11	26	339
46	62	845
40	48	43
5	48	263
39	88	72
22	34	487
38	39	162
33	83	928
84	21	705
22	61	446
22	28	875
53	87	624
5	32	244
92	86	431
85	19	855
25	76	462
8	64	267
57	11	619
11	16	909
91	48	391
28	16	841
67	46	929
37	11	292
1	79	342
65	73	802
63	58	49
52	58	964
91	28	26
99	68	315
15	64	274
48	21	246
56	68	273
59	91	837
90	86	683
17	77	658
85	76	553
82	29	741
57	76	718
89	88	570
17	33	324
96	67	389
16	17	64
65	33	887
84	1	393
11	87	732
30	73	100
78	47	119
18	19	807
72	78	908
83	68	7
89	42	331
83	21	423
35	29	136
92	40	189
55	71	973
39	47	910
29	32	672
49	62	858
23	48	62
74	53	594
75	54	306
44	18	483
52	63	704
61	59	844
32	44	56
87	61	497
67	73	194
91	79	220
76	73	101
58	26	47
36	34	553
12	26	668
52	62	467
71	70	810
69	96	502
77	45	724
31	52	246
48	47	807
25	84	98
84	73	725
7	41	359
11	57	620
36	8	656
42	73	457
52	3	813
72	73	918
8	77	207
13	18	623
47	21	430
15	57	167
47	17	24
59	49	260
89	19	487
28	49	809
89	6	493
43	89	712
80	79	982
2	5	384
66	71	123
8	61	232
4	63	505
77	54	293
8	51	732
42	4	92
36	86	731
83	4	519
63	26	774
8	71	397
65	97	284
25	76	434
83	70	727
79	34	356
13	9	232
14	97	718
1	32	523
66	84	448
14	60	852
41	54	165
93	94	353
50	67	155
8	90	77
74	55	300
50	74	438
10	8	934
60	86	136
41	75	501
17	10	544
59	68	171
29	18	441
91	68	180
42	2	778
77	77	326
15	47	954
19	96	242
39	57	402
57	94	994
28	43	266
29	12	240
25	24	577
51	50	454
22	11	202
75	3	209
51	57	238
44	19	185
99	86	880
11	31	957
79	19	623
96	38	413
17	70	476
19	17	35
50	10	419
87	58	384
40	47	972
36	30	600
73	75	800
24	14	849
50	59	567
95	37	128
71	88	689
66	0	506
33	86	878
71	1	509
57	82	46
96	86	469
71	34	444
87	85	292
11	9	97
51	75	744
23	7	577
88	47	225
89	9	777
12	32	636
56	66	493
81	27	247
32	32	534
98	17	798
86	14	720
41	3	636
20	6	312
25	27	253
87	6	239
83	67	631
7	52	818
86	27	197
64	74	61
59	6	63
73	35	994
34	0	732
29	13	636
46	14	298
95	46	762
92	18	176
89	86	231
71	81	404
23	21	476
45	50	337
90	2	381
74	13	546
61	80	322
6	34	710
82	93	646
94	44	859
55	44	972
63	44	901
55	51	854
3	35	612
64	34	689
63	77	161
74	1	815
37	69	564
11	73	148
52	33	757
9	65	791
53	92	650
64	56	881
96	79	721
79	46	82
54	17	303
95	73	492
70	20	592
55	62	622
3	35	559
6	52	394
26	77	340
72	16	869
80	11	564
38	96	460
71	62	880
42	96	811
23	56	417
38	76	499
97	13	986
26	52	687
31	35	697
47	63	124
36	30	448
38	42	501
56	41	157
77	53	757
56	43	579
42	58	125
18	87	84
15	55	152
75	10	908
93	24	58
94	91	770
28	26	838
79	39	536
84	16	47
47	88	305
13	31	740
29	72	718
7	71	588
3	61	981
72	52	142
30	65	465
98	10	73
98	83	525
6	90	973
11	6	503
32	3	174
36	78	341
9	63	467
18	42	468
65	97	797
36	28	768
17	62	652
0	85	92
6	97	262
48	23	471
84	68	519
93	46	511
41	23	330
66	0	975
27	85	522
42	56	555
72	87	293
49	58	627
91	68	148
58	19	246
25	87	505
66	30	306
21	25	556
24	55	546
94	53	279
69	48	716
36	44	321
71	48	74
3	80	191
20	2	263
4	69	247
26	6	597
61	80	838
0	18	364
55	59	455
82	53	427
65	51	188
47	20	885
51	48	632
83	51	948
46	66	706
80	36	759
66	61	810
36	90	898
26	57	364
62	67	585
46	45	707
88	85	647
6	96	855
77	95	831
79	31	841
92	67	12
88	19	46
67	8	121
12	9	920
87	27	891
53	31	467
75	88	340
93	1	310
82	13	660
35	72	969
35	8	794
76	34	505
70	71	827
78	66	53
4	30	634
53	82	414
81	22	754
80	97	938
67	40	54
64	33	420
46	94	467
98	54	41
73	74	710
63	3	3
52	7	272
62	42	845
36	41	421
48	85	335
58	77	257
2	30	784
95	17	192
39	90	324
82	4	702
53	0	97
3	56	407
5	5	128
66	74	583
11	62	780
52	12	873
31	21	482
44	4	758
19	13	527
30	66	160
60	71	529
28	51	500
76	42	252
96	33	147
59	22	207
73	62	72
61	26	283
24	95	848
89	12	898
22	8	584
41	46	593
6	20	402
50	14	940
67	19	802
70	34	406
98	30	429
44	1	757
30	33	379
89	68	543
83	97	60
60	27	280
56	0	362
56	88	986
36	32	877
3	67	195
45	50	546
40	93	191
14	30	392
47	59	652
68	90	717
96	93	360
5	62	137
35	84	879
96	87	643
68	27	360
5	52	902
4	14	920
52	54	213
0	16	575
27	34	830
38	14	980
40	41	47
17	52	367
0	85	489
83	18	404
68	14	345
8	50	515
53	47	378
89	83	516
97	45	235
43	86	39
38	11	797
13	50	477
52	39	346
39	58	591
16	52	579
1	56	863
55	1	967
3	97	199
5	80	188
42	28	963
52	34	892
66	67	603
0	63	584
36	31	615
75	82	728
73	61	604
29	93	515
79	53	393
46	0	878
21	32	926
23	4	517
7	12	445
56	32	266
90	0	96
11	77	443
8	91	624
51	33	399
36	45	546
42	20	789
54	71	858
51	47	556
41	94	401
92	80	226
46	81	543
71	88	395
97	57	654
32	12	922
84	13	278
40	38	38
12	71	89
43	91	618
88	92	122
0	0	105
37	42	161
61	74	478
44	13	821
68	76	686
55	7	873
9	21	230
5	64	227
29	50	950
8	72	234
7	18	849
13	28	971
40	77	64
3	35	230
32	84	358
18	71	969
56	74	658
18	84	985
98	94	399
19	11	579
92	17	370
58	68	225
97	43	52
28	95	48
36	23	337
15	21	39
56	43	4
11	42	42
15	51	550
36	22	616
90	28	705
65	92	949
81	56	297
92	86	530
69	69	868
80	48	753
43	15	656
68	47	620
43	88	145
67	62	570
88	80	697
14	31	716
78	33	854
27	66	89
45	33	717
76	7	750
66	36	360
9	37	474
44	50	753
67	7	108
91	51	704
99	22	326
21	97	735
16	62	155
84	76	52
84	87	381
6	26	857
57	66	561
97	99	713
31	74	302
13	64	860
18	56	353
87	48	274
5	52	304
53	14	122
15	51	162
91	22	384
88	16	7
8	85	429
44	4	490
33	50	43
82	25	727
66	12	398
17	10	954
54	27	657
90	65	305
23	99	572
21	40	533
20	97	638
62	61	787
83	79	470
47	64	359
34	97	445
35	87	67
37	45	143
40	80	365
3	12	140
27	77	800
2	20	322
96	75	296
62	38	791
34	48	713
15	81	222
96	37	878
45	73	2
12	19	451
26	49	212
2	85	768
62	12	698
79	53	441
39	25	541
23	1	286
45	82	285
69	14	645
12	79	122
51	29	736
4	50	676
92	6	999
44	97	635
31	94	137
68	6	805
84	97	544
94	48	262
41	1	289
5	93	864
67	17	420
37	74	666
13	42	663
56	91	786
74	36	544
21	43	574
76	55	18
78	90	430
97	25	410
95	0	75
43	81	977
67	83	308
90	50	388
27	36	358
8	58	767
73	57	84
75	9	671
92	88	405
41	28	628
89	96	730
21	93	706
28	5	578
46	84	372
11	67	889
84	32	448
91	51	712
50	38	234
34	50	181
98	31	831
14	57	179
4	27	292
33	35	623
4	14	918
37	59	740
67	37	278
16	99	291
57	67	991
56	60	389
57	7	462
62	49	739
83	53	133
74	58	52
97	30	710
82	87	800
32	72	247
89	89	411
37	52	646
93	47	657
4	67	686
24	37	332
14	95	585
11	14	310
73	57	600
19	61	865
78	61	907
23	35	451
3	75	351
83	25	270
8	74	297
57	7	511
28	34	410
49	38	241
17	96	980
60	9	176
31	61	934
8	93	876
27	13	973
52	49	48
63	8	769
32	22	893
32	28	91
52	74	956
33	93	775
84	34	628
11	73	622
53	55	857
1	72	882
83	85	990
90	39	942
27	69	723
95	5	799
57	12	491
60	96	804
41	99	4
75	80	909
21	90	259
37	10	724
43	90	937
5	86	786
41	17	599
55	32	657
85	95	887
22	48	114
34	24	911
39	72	9
8	85	122
16	48	893
56	24	101
93	46	700
73	19	52
55	52	326
84	76	488
71	51	359
89	49	962
91	23	759
73	57	113
15	12	588
61	18	829
39	62	299
63	69	799
93	8	920
29	81	701
3	30	215
15	8	373
86	46	59
39	67	728
68	63	822
3	64	142
67	3	567
55	87	372
68	2	271
20	64	662
97	39	168
77	45	195
64	48	203
77	20	426
23	6	407
53	18	453
26	52	37
44	84	224
38	47	153
79	76	786
99	77	640
73	93	416
49	92	167
71	82	32
42	10	597
19	33	108
66	58	801
49	4	119
94	16	286
51	36	970
71	86	313
8	70	37
54	87	721
22	58	236
54	55	777
24	38	492
84	74	585
96	67	856
85	45	91
93	48	653
92	46	282
84	14	633
32	4	254
58	46	895
2	46	989
32	44	532
79	0	545
46	88	184
47	77	605
98	54	263
35	10	838
39	88	580
42	22	589
2	24	951
66	57	415
24	49	967
37	10	429
79	42	224
69	91	180
20	87	861
2	37	462
31	29	919
40	4	352
50	86	226
7	37	161
77	65	968
92	59	275
0	75	391
47	79	564
88	83	632
81	77	365
52	8	916
71	99	490
86	55	25
88	31	553
36	88	88
61	93	509
63	21	637
69	72	76
70	62	540
68	63	833
65	75	718
47	99	753
95	91	19
31	4	311
52	18	776
26	90	579
53	87	326
0	36	147
95	87	710
24	19	876
90	11	477
2	0	921
4	76	749
90	26	357
74	61	660
50	53	417
70	94	403
38	24	731
8	25	177
65	98	688
19	74	80
25	29	13
81	88	936
9	72	380
98	32	807
74	3	41
78	63	534
10	78	160
74	36	452
23	29	68
42	9	700
59	34	821
94	80	217
29	19	799
90	10	779
58	79	595
77	90	306
53	63	673
78	33	803
57	34	247
85	25	665
43	17	123
71	77	841
54	84	405
23	2	590
8	79	994
34	80	838
52	9	478
92	80	124
72	60	705
11	22	36
24	84	615
93	79	443
38	69	965
36	87	810
25	61	936
30	33	420
3	63	928
21	50	847
58	33	459
72	89	965
51	56	664
86	73	527
30	34	280
45	0	788
98	27	803
48	14	818
37	61	101
56	59	698
5	88	646
83	90	421
35	2	921
62	34	818
49	96	650
71	50	845
14	7	412
39	19	153
87	14	391
93	40	802
64	94	929
27	14	147
91	33	34
43	45	507
89	5	831
20	16	32
71	9	631
30	23	770
91	18	142
9	54	233
59	76	307
12	22	574
8	46	80
49	62	519
28	29	870
64	40	705
7	59	252
24	50	762
46	23	220
40	60	879
54	46	350
81	33	392
36	4	892
31	17	557
82	77	226
65	23	945
77	50	771
58	17	126
31	95	969
48	20	527
95	20	835
91	30	943
37	81	815
90	25	319
79	70	869
58	26	523
10	98	927
24	66	296
75	78	92
82	58	324
58	35	634
9	7	323
52	71	382
97	79	235
98	90	794
35	32	739
6	75	478
30	80	910
52	46	9
85	18	607
18	97	215
27	10	434
89	62	961
25	50	922
97	33	986
87	17	642
26	81	694
43	59	759
20	29	14
92	95	392
2	93	491
21	49	835
30	22	876
22	32	743
18	74	825
84	87	513
8	27	392
16	65	672
7	75	565
43	35	82
41	16	844
40	60	849
1	62	661
39	16	300
5	62	276
64	22	140
16	82	400
3	36	520
86	43	511
32	89	161
94	53	504
24	29	460
3	44	247
65	13	55
15	25	68
73	17	623
72	27	842
25	72	135
42	75	201
69	80	99
5	35	807
45	16	517
89	44	764
51	22	922
91	89	566
89	25	406
96	4	563
31	47	753
62	10	177
83	89	890
41	97	206
89	52	420
88	37	576
54	28	739
12	21	670
88	34	767
92	80	235
17	99	149
11	59	381
9	60	972
24	68	650
0	63	866
32	52	947
10	48	423
93	13	143
6	35	141
44	48	838
59	32	975
8	33	481
36	57	465
23	34	907
50	26	777
45	75	501
20	58	309
90	87	342
62	10	306
79	63	173
83	49	420
58	99	145
50	9	156
50	90	838
66	39	6
12	70	666
75	83	755
94	50	829
55	47	34
34	64	935
34	14	70
23	98	277
4	83	14
61	57	764
90	59	872
18	19	70
33	84	112
87	88	928
89	96	996
21	94	260
98	49	483
84	57	923
78	12	604
93	88	537
85	65	905
61	6	562
72	14	782
97	36	459
34	46	965
17	24	825
83	31	511
32	12	537
35	72	202
36	87	917
27	95	351
38	22	669
57	69	534
83	24	489
46	6	841
35	43	990
83	86	92
32	60	746
27	31	119
48	0	661
27	51	955
60	7	969
23	39	86
73	34	699
58	41	886
6	96	995
87	30	905
54	17	284
45	70	878
19	2	429
46	19	982
36	24	852
88	83	710
98	58	179
46	52	549
95	10	976
25	18	789
35	45	203
57	30	223
86	29	260
17	21	464
8	67	58
12	75	135
46	86	795
47	76	847
96	80	356
21	18	746
98	29	507
97	51	264
98	8	839
73	36	336
66	95	750
98	26	969
7	89	353
80	85	85
96	75	830
41	91	147
27	93	635
13	10	458
83	95	541
25	95	837
70	69	150
64	17	967
48	77	265
93	16	835
89	35	604
44	23	977
61	73	942
71	49	937
11	85	192
30	48	927
33	62	539
50	73	350
73	64	547
62	82	174
80	9	156
9	41	698
51	30	881
31	23	545
19	90	585
80	84	759
98	52	769
77	28	151
61	44	501
99	99	351
13	83	485
51	39	864
19	98	988
86	84	31
79	22	574
9	30	919
94	88	125
22	0	417
55	11	285
63	49	169
45	73	626
2	56	443
35	21	683
18	6	568
84	24	523
77	14	418
73	9	482
17	22	506
46	71	740
64	90	206
54	63	968
57	60	834
47	73	819
92	88	317
24	8	963
1	24	623
80	10	416
55	88	559
95	57	39
77	45	348
97	22	744
22	85	905
93	25	720
66	1	692
11	36	151
88	55	833
6	24	488
24	43	94
13	16	739
63	11	647
31	42	119
71	96	917
36	52	348
58	25	6
23	98	739
2	59	559
74	4	732
67	9	38
13	89	769
71	74	798
98	61	530
81	92	81
45	71	278
56	18	690
30	95	729
7	7	645
94	36	338
47	35	973
46	52	582
18	21	479
97	24	388
96	64	752
78	87	687
0	3	465
13	96	255
5	59	982
0	94	904
30	75	730
4	20	818
69	41	309
95	47	112
16	39	200
20	98	517
21	75	878
89	35	358
58	67	853
98	35	481
63	70	349
83	48	501
52	52	979
9	49	572
14	94	324
90	96	814
97	99	234
26	45	539
35	75	846
79	87	53
86	79	459
21	23	800
62	51	475
95	41	68
75	92	700
44	17	806
92	59	83
78	93	169
58	89	858
33	55	654
99	42	852
39	95	206
84	4	20
43	66	181
68	65	456
26	15	275
58	60	334
77	29	481
41	74	480
22	15	45
34	19	769
28	94	665
6	80	963
53	48	799
73	41	5
50	47	544
78	85	469
73	25	694
68	57	768
15	70	816
50	58	127
93	73	619
1	73	311
96	35	483
62	3	949
85	21	832
45	81	391
95	49	339
72	66	641
52	78	256
28	81	394
74	82	836
54	18	255
38	43	974
98	92	499
1	7	975
84	65	261
1	69	616
17	53	662
58	60	524
23	8	94
21	17	440
35	89	341
17	21	150
82	24	623
36	55	303
50	40	156
85	3	157
43	97	539
46	26	119
97	92	87
5	2	951
61	3	964
71	21	333
42	43	742
93	4	555
59	91	715
53	26	805
24	56	101
49	96	336
12	0	932
68	86	538
64	77	101
98	41	194
83	21	317
49	50	225
71	58	166
25	57	917
87	23	724
61	71	654
8	22	533
61	41	476
95	92	180
64	57	139
36	51	231
24	19	413
7	75	923
13	71	719
9	1	286
65	89	20
33	55	374
93	70	532
62	97	368
60	59	849
31	50	184
9	48	497
58	70	304
12	61	644
45	16	338
22	43	426
61	82	524
82	8	921
57	93	186
80	91	90
74	98	898
52	47	963
65	88	66
50	12	623
2	40	84
6	74	846
89	87	450
72	21	424
82	28	1
78	57	66
28	61	38
47	13	500
15	18	441
38	7	83
41	87	212
5	55	490
76	43	374
80	15	693
45	47	500
47	51	617
69	39	723
72	24	861
58	62	913
7	92	49
10	76	559
37	15	105
40	43	113
71	83	717
37	73	672
41	94	467
10	16	155
52	79	957
18	66	985
46	85	211
50	49	226
60	53	151
90	32	279
97	9	925
94	29	117
12	85	241
85	90	397
45	1	642
12	21	732
68	77	295
77	21	879
70	90	965
8	96	982
34	94	864
47	51	844
18	23	156
84	78	743
66	79	972
53	48	545
5	76	599
14	53	398
36	68	493
22	80	746
60	66	28
2	1	920
30	78	25
32	56	682
86	2	230
41	51	384
86	0	527
3	67	125
48	39	367
51	82	881
20	43	732
71	59	495
93	50	819
19	96	129
45	52	559
55	0	492
17	30	877
25	83	273
99	44	403
77	11	443
74	9	266
37	57	323
47	18	261
53	82	940
99	5	334
84	11	27
43	53	245
8	87	730
78	88	536
11	63	157
41	86	361
58	29	85
47	46	109
23	60	915
86	36	286
32	2	964
70	67	318
70	63	408
39	87	253
5	68	648
26	82	748
44	29	816
15	15	890
75	73	594
91	7	430
59	80	684
42	56	815
43	53	441
46	87	984
38	27	397
79	81	887
34	3	467
7	9	288
4	58	931
13	1	466
63	56	726
43	31	417
84	47	536
52	54	377
30	26	688
51	87	444
46	22	676
88	60	54
97	14	506
26	82	806
17	66	44
32	28	569
85	17	219
12	41	719
43	73	487
84	16	986
27	60	267
1	70	618
87	86	627
92	47	468
53	54	306
65	30	628
23	56	807
40	31	837
48	55	292
50	7	543
8	16	717
38	18	339
26	81	855
9	28	933
96	53	573
62	82	932
72	37	374
31	58	394
77	30	959
3	10	131
74	26	547
66	32	829
33	12	470
1	50	158
56	28	400
95	99	607
57	56	438
98	63	750
88	14	363
2	99	370
69	8	743
83	25	537
26	70	435
41	20	591
93	48	333
59	49	258
5	66	64
58	32	481
56	42	281
41	98	133
28	50	236
42	98	300
67	74	138
93	16	474
93	2	994
50	59	498
55	20	23
39	19	143
25	89	867
73	49	511
72	85	3
49	14	574
24	29	877
53	63	491
48	30	474
95	85	555
55	3	781
26	86	731
30	86	972
69	23	43
80	25	911
29	59	906
3	15	960
31	72	601
26	15	655
6	97	688
96	43	511
14	85	49
3	88	250
6	88	71
91	57	841
95	36	462
85	53	750
58	87	376
68	50	909
35	13	598
50	85	808
22	64	816
28	40	996
83	15	273
99	39	539
10	28	439
29	33	583
7	22	478
77	73	710
67	92	25
31	48	928
77	75	356
5	9	4
73	59	796
4	85	268
0	54	334
93	10	255
76	95	709
71	34	479
89	12	694
77	78	888
50	71	198
18	97	626
22	33	683
68	17	15
22	25	559
86	48	871
24	23	889
11	42	996
35	61	44
46	26	568
24	95	15
96	90	643
23	95	725
93	78	410
93	45	842
11	0	358
75	31	731
3	90	932
72	5	111
84	52	990
20	21	426
34	66	838
37	77	468
35	59	817
67	38	631
35	94	371
81	49	29
40	24	496
43	56	464
32	51	296
74	8	110
96	75	627
58	34	650
68	33	57
7	50	212
52	1	934
2	52	106
40	98	181
76	31	468
64	33	565
45	95	366
73	84	43
30	71	875
67	24	691
88	2	261
33	66	500
50	49	336
4	26	98
52	69	106
33	36	566
60	2	157
11	52	757
96	51	735
87	62	868
40	51	87
12	33	213
41	48	610
42	17	749
51	49	810
73	6	660
10	3	650
46	49	25
6	74	618
14	87	754
91	14	581
18	77	588
82	17	450
29	43	722
37	39	510
78	18	620
67	5	777
21	27	930
45	67	898
39	84	592
46	57	150
18	78	750
2	38	355
13	18	353
75	3	693
50	95	946
73	94	544
83	56	122
7	27	648
76	90	348
68	24	41
2	42	796
21	57	480
97	95	607
66	70	527
99	59	644
15	62	98
38	17	84
58	0	52
57	78	801
83	64	814
58	11	369
63	47	675
88	28	835
47	57	914
45	58	257
56	23	57
76	98	730
57	51	135
29	28	580
42	96	528
65	10	308
38	10	546
70	51	192
58	40	643
81	27	376
48	6	633
22	33	863
46	11	77
78	16	357
11	82	596
60	51	835
35	5	447
11	14	251
32	90	237
10	18	386
60	22	286
28	75	881
9	66	469
56	99	192
62	71	919
72	15	403
91	80	125
19	89	122
41	20	570
8	48	294
9	88	449
15	79	1000
93	12	137
40	51	537
70	79	964
26	73	434
79	29	829
80	27	569
15	16	715
49	94	764
58	70	673
66	75	877
88	32	174
84	97	123
91	26	106
91	63	40
93	70	153
34	97	659
91	53	417
51	35	584
64	36	306
51	8	42
88	98	392
68	61	122
98	24	209
88	70	517
46	53	382
16	81	782
39	92	13
29	41	477
5	92	255
67	12	344
14	18	347
82	50	842
56	39	387
95	60	973
44	51	983
89	67	222
75	5	552
28	39	930
13	43	750
45	16	731
96	91	186
88	9	107
81	81	399
67	4	263
48	33	66
93	41	355
2	19	210
57	30	208
83	99	109
34	30	719
22	90	927
58	11	623
79	68	219
14	18	874
54	74	150
21	8	18
62	9	952
39	58	158
8	3	366
77	46	912
15	90	782
82	69	874
43	87	80
26	80	513
35	71	823
20	19	412
67	43	718
51	30	745
28	39	272
24	16	557
26	20	457
85	81	618
87	59	203
62	75	927
17	5	259
21	16	222
16	76	185
45	27	298
7	26	51
50	17	524
64	91	539
91	51	731
85	19	163
66	47	285
83	27	392
95	67	429
37	34	872
18	75	57
66	78	620
21	61	98
78	96	223
16	42	827
73	95	218
43	89	125
14	41	548
91	49	760
1	0	683
60	78	799
78	21	442
3	63	259
38	34	141
50	8	207
94	43	260
54	99	204
87	72	133
68	72	887
91	79	576
23	69	379
31	48	543
40	17	509
15	53	54
34	32	778
78	47	289
17	46	246
9	93	539
17	4	756
58	27	248
23	48	830
42	86	164
8	60	661
35	91	464
89	35	760
2	0	692
97	12	312
73	25	104
0	72	784
88	38	71
50	72	318
72	99	968
47	45	624
87	57	835
68	82	485
17	92	632
91	77	860
37	82	943
94	12	299
36	41	870
35	40	788
15	66	465
89	95	179
68	7	143
24	49	910
86	77	228
81	42	276
24	59	744
74	74	175
14	57	998
54	52	391
11	9	663
0	96	151
40	96	148
71	44	389
59	6	620
77	28	500
81	39	347
97	44	64
28	10	567
83	74	110
77	26	745
50	34	726
11	97	472
66	89	75
55	49	713
45	57	335
3	83	85
73	58	265
8	92	332
54	72	333
14	7	858
4	88	578
94	39	422
1	28	804
56	35	793
65	15	191
48	53	628
21	48	435
27	63	744
97	38	716
45	51	874
94	9	294
86	2	479
57	12	338
60	40	19
73	63	742
43	63	902
93	56	815
84	0	202
22	32	770
16	16	717
35	98	307
54	63	596
18	61	816
8	30	130
66	98	147
1	91	865
35	41	833
19	69	69
59	58	666
76	66	170
40	99	631
60	29	813
49	4	967
73	75	990
31	32	574
8	65	800
2	17	540
26	18	524
40	88	168
28	76	808
90	65	490
98	21	539
58	83	680
65	1	450
16	63	609
32	96	629
84	54	762
11	76	549
80	74	584
20	26	973
2	37	691
54	64	668
88	25	164
0	72	759
1	4	298
74	38	316
16	10	664
81	27	166
78	25	996
81	31	166
92	19	786
40	88	578
85	19	900
16	98	700
54	19	529
71	0	164
27	83	786
4	56	976
57	83	796
34	90	86
48	24	388
0	79	658
66	54	200
27	18	592
9	28	806
44	83	1000
84	85	300
82	75	444
86	49	955
9	36	294
12	45	160
39	97	530
99	15	281
24	9	708
43	39	139
80	51	20
61	54	873
2	58	135
70	13	679
44	22	622
25	7	514
39	46	397
43	40	262
15	23	474
73	12	503
67	98	301
13	42	32
19	20	586
8	26	782
66	68	520
18	45	109
60	67	220
89	97	153
11	88	739
46	17	428
68	76	462
66	16	855
47	98	56
48	4	75
64	24	764
17	99	490
23	93	76
42	42	428
88	78	535
51	4	741
39	73	597
73	76	563
43	7	419
15	72	643
11	85	817
11	16	320
96	40	473
15	81	294
88	12	435
45	22	947
0	88	807
49	61	825
51	76	217
26	58	488
80	61	82
90	77	578
95	48	823
55	64	558
93	9	552
13	39	191
49	36	968
84	33	541
60	38	612
56	29	916
80	10	752
53	54	527
57	52	480
16	26	473
0	97	374
33	71	509
88	53	787
80	69	547
15	2	475
10	50	757
79	64	455
93	59	494
15	14	956
34	21	525
13	80	545
61	44	990
44	5	643
39	47	157
42	56	706
99	44	541
33	14	293
59	16	156
81	50	299
33	41	176
26	42	321
20	39	166
70	80	108
49	5	643
53	13	418
52	60	922
74	12	448
83	60	940
66	87	9
42	53	540
68	88	991
9	95	116
42	39	565
9	16	378
52	30	586
20	47	446
24	10	943
49	59	175
5	45	127
52	94	43
49	76	320
99	63	512
19	38	394
3	13	201
44	52	655
79	13	815
63	99	52
30	61	208
36	62	539
99	5	872
88	73	271
59	73	577
12	14	509
73	82	319
63	38	889
73	39	995
86	68	81
48	28	232
59	62	237
14	77	854
17	81	420
69	38	468
88	54	949
70	9	452
24	84	349
86	43	273
84	77	95
47	20	940
72	71	965
47	74	24
87	30	893
70	71	322
98	91	291
84	92	344
15	31	520
7	92	180
88	47	871
26	61	520
46	59	142
94	18	361
19	70	213
27	34	842
44	68	348
28	46	852
83	43	242
31	55	403
84	81	544
30	63	685
31	74	23
4	21	500
0	95	169
5	37	107
9	25	111
4	81	664
61	66	466
23	8	716
84	34	564
20	98	835
23	33	823
83	49	850
24	64	141
14	12	607
55	7	767
44	81	467
43	5	735
6	19	751
7	87	895
89	29	547
91	39	507
50	61	13
64	13	25
33	97	286
1	35	312
3	15	51
81	28	520
79	87	487
15	4	861
22	78	668
50	18	549
34	88	841
27	32	321
62	32	635
81	12	837
65	79	706
6	47	296
91	74	467
50	38	521
12	0	554
8	37	348
1	20	509
85	86	894
53	60	653
76	16	533
63	0	247
21	81	172
45	28	891
65	6	350
19	12	268
28	25	152
84	57	400
24	46	299
90	44	240
97	44	869
65	24	16
68	31	776
62	4	520
18	74	121
4	17	52
89	83	406
25	18	349
87	79	641
86	6	108
35	42	618
64	33	675
48	57	18
58	90	867
78	54	679
79	84	841
25	44	519
48	12	701
74	94	859
73	17	712
99	16	657
29	27	774
70	59	418
21	99	436
33	51	649
27	74	653
76	98	936
36	32	981
12	24	701
53	83	172
49	48	41
34	31	132
34	89	902
5	65	832
96	4	54
51	77	956
71	3	296
84	84	107
41	31	85
32	22	657
19	91	568
50	79	149
59	81	847
65	18	238
16	48	436
58	30	360
49	72	856
14	72	754
54	73	855
33	15	260
47	43	367
2	90	307
23	36	186
0	52	612
71	6	226
12	13	286
89	8	844
97	90	670
1	82	893
35	76	706
74	13	71
38	21	524
65	41	227
21	50	837
63	67	330
63	83	963
88	64	553
64	54	90
57	9	407
25	27	805
73	69	551
1	85	498
10	70	741
16	94	719
50	15	211
89	84	713
39	28	585
56	82	703
73	80	136
63	46	913
27	4	747
89	17	304
47	24	938
44	19	950
57	11	974
56	77	36
87	89	4
51	91	100
84	39	28
42	59	881
16	69	884
5	40	818
11	52	746
5	31	430
30	7	657
66	43	340
48	98	533
0	34	545
20	24	701
80	27	824
23	97	237
52	90	511
22	63	230
71	85	726
63	64	74
74	62	49
83	95	265
9	81	521
75	23	267
3	8	192
30	2	484
99	42	129
93	30	874
57	35	11
40	29	43
9	91	772
47	4	434
89	8	293
36	43	638
50	63	606
46	87	533
20	81	738
37	72	900
59	4	877
0	80	819
21	34	176
2	57	379
0	85	725
26	62	624
41	94	681
83	56	318
33	38	281
59	5	448
58	59	880
95	98	291
65	21	586
16	13	954
57	73	576
50	62	395
77	99	907
48	73	790
79	30	949
73	47	736
56	90	240
90	73	625
23	64	31
40	50	244
10	97	876
42	41	839
54	56	245
2	66	236
90	73	334
9	13	578
13	92	405
14	7	728
56	87	39
25	96	510
84	85	842
36	44	773
30	64	979
7	73	528
7	33	125
25	28	733
12	9	717
91	13	916
46	65	855
95	16	438
0	60	966
3	39	32
83	12	654
38	42	855
80	50	788
71	63	163
75	74	538
48	56	352
66	97	419
9	78	349
93	7	799
88	20	135
96	61	563
39	51	423
13	67	2
37	97	656
16	55	771
38	8	938
44	39	351
35	9	192
19	19	376
71	42	319
99	23	897
13	44	320
70	62	475
39	54	301
32	62	888
4	0	201
92	52	933
46	36	938
48	79	179
97	77	723
55	19	818
31	68	696
78	32	117
32	18	745
44	32	739
55	78	304
12	44	720
69	59	627
23	90	398
44	15	48
11	97	292
39	56	7
25	7	38
78	55	263
57	43	304
29	53	932
19	93	144
83	61	281
73	86	147
37	81	648
59	62	476
76	82	869
26	67	277
30	60	419
78	56	969
68	97	727
21	90	630
60	17	701
72	82	318
73	95	950
47	13	934
33	75	677
57	26	814
50	53	790
26	88	668
15	40	197
32	31	688
71	13	692
93	96	610
75	87	154
5	23	970
56	38	442
55	18	436
60	22	517
69	79	890
98	27	680
50	97	179
60	84	220
4	40	831
87	61	83
3	57	335
2	93	123
88	97	538
4	92	920
4	26	237
46	46	788
84	93	74
99	74	577
42	44	678
32	70	234
23	67	790
92	32	937
34	18	635
7	75	578
88	53	669
29	31	676
1	83	20
18	53	341
6	5	234
35	67	860
46	34	259
45	94	525
87	24	47
91	66	643
34	41	885
15	95	920
41	89	564
52	48	822
5	13	642
12	82	568
15	18	49
42	54	399
35	83	369
43	48	763
65	29	855
75	41	881
85	43	984
56	31	284
13	76	730
70	26	277
57	44	524
86	89	553
23	22	456
64	73	525
11	60	198
50	77	893
84	89	252
19	84	835
17	28	920
68	29	173
15	80	264
80	96	650
97	58	454
44	23	638
90	97	95
61	48	740
4	44	879
98	61	332
40	22	382
27	41	351
87	69	393
72	24	868
84	6	430
62	92	242
22	86	570
12	11	539
78	61	340
68	65	762
12	71	871
37	18	550
87	11	314
65	49	182
49	75	469
19	54	148
3	3	538
88	7	55
73	13	356
76	10	447
98	11	605
25	73	138
7	91	620
65	30	395
33	41	902
55	73	116
3	9	551
84	20	273
88	4	600
19	64	425
55	38	252
10	10	375
89	78	998
12	28	547
28	63	538
44	11	681
43	89	484
42	60	62
27	89	771
95	21	825
40	37	178
4	35	732
50	44	251
85	98	108
60	44	841
83	41	374
21	24	359
33	47	114
57	73	770
26	71	722
59	8	649
66	55	906
80	68	869
34	1	650
6	49	606
70	46	917
88	79	987
34	44	721
35	47	252
30	66	633
13	13	40
35	97	390
57	18	963
27	62	853
3	98	935
41	97	737
86	53	967
26	52	2
84	43	88
11	44	568
56	61	731
9	29	658
80	34	113
93	61	725
11	67	53
90	26	336
2	80	235
47	1	388
35	41	850
91	67	943
3	71	545
3	62	744
89	71	154
31	78	916
45	81	188
19	22	27
10	69	778
25	54	957
57	5	923
82	79	310
39	47	324
31	94	154
29	93	413
93	95	41
22	21	897
49	86	344
86	99	598
26	15	984
63	68	672
29	46	467
28	2	581
27	31	529
69	47	959
97	41	794
20	38	871
43	56	995
2	59	407
71	0	909
18	43	70
12	47	885
25	83	457
77	74	367
46	56	855
84	52	461
76	11	504
13	98	391
96	48	958
17	20	527
30	56	595
89	50	897
16	94	107
16	83	881
66	42	607
32	1	877
13	15	142
3	36	504
77	76	366
27	38	694
97	14	171
82	16	678
17	35	657
45	24	848
13	53	980
5	7	600
83	41	337
84	92	423
43	57	277
16	93	69
93	27	670
86	38	261
30	7	812
17	72	528
14	64	729
58	17	256
44	11	226
94	14	366
90	83	119
89	91	275
11	52	806
78	37	464
1	97	271
69	15	495
42	36	212
29	69	630
53	51	799
54	93	236
28	59	228
17	80	270
91	19	538
92	93	280
92	90	362
27	39	657
19	41	577
62	54	696
57	56	760
24	46	573
42	72	337
24	83	498
69	43	710
95	97	112
16	35	123
18	30	555
85	80	82
94	71	791
71	0	724
14	20	565
86	87	488
29	59	560
35	42	852
38	23	452
50	48	220
62	96	896
24	62	873
85	14	703
14	52	739
60	21	424
97	95	263
13	30	453
91	0	782
35	30	735
58	87	381
12	89	775
82	99	556
48	36	914
25	87	422
94	24	609
13	91	359
63	20	9
64	20	107
83	98	384
86	6	853
18	31	534
50	85	504
53	52	347
31	25	923
26	96	366
81	94	679
63	38	933
46	79	978
39	25	939
10	83	980
45	57	383
78	18	437
49	5	74
75	76	158
87	87	703
15	45	743
30	7	554
16	16	767
95	85	487
83	49	706
38	57	780
6	23	966
42	63	538
68	0	725
47	55	199
48	32	71
17	79	391
65	42	425
98	85	984
93	34	772
14	0	101
8	72	849
38	16	80
32	79	900
84	43	10
2	71	725
19	89	988
8	40	982
65	28	902
73	79	897
99	63	87
56	67	412
99	23	77
37	55	964
22	59	966
84	52	393
41	93	845
37	69	676
61	61	335
92	3	492
38	87	132
6	7	108
65	80	970
56	83	338
70	8	229
8	94	317
6	48	899
86	29	667
95	36	521
42	44	553
79	79	726
42	17	586
45	7	659
71	59	641
60	18	922
44	12	442
6	44	966
13	45	360
62	60	151
31	91	675
68	75	474
21	69	696
81	59	682
72	9	947
55	49	963
79	95	913
40	84	667
72	98	206
57	7	245
33	50	446
24	57	334
33	2	288
30	12	621
32	31	829
43	30	274
66	95	458
34	8	848
97	3	68
46	13	29
21	74	7
77	54	795
44	99	226
52	71	432
20	69	518
83	47	916
87	58	11
2	80	431
62	99	751
60	84	959
26	90	716
69	45	63
48	56	122
25	33	587
22	19	861
57	21	600
46	1	990
39	73	787
20	24	558
34	7	929
67	23	231
30	84	798
45	86	467
93	76	657
32	8	166
8	91	867
80	12	606
86	87	427
53	47	51
76	67	704
19	9	437
18	3	826
52	70	551
90	40	606
56	76	532
52	92	134
15	97	667
75	6	785
40	34	268
42	98	464
3	82	195
34	23	763
98	58	155
74	26	497
73	96	418
24	99	225
3	77	83
39	55	774
7	20	3
76	93	927
59	50	702
8	98	53
19	15	824
47	20	584
26	52	77
48	96	631
93	14	737
5	50	989
31	15	732
40	18	434
34	15	633
70	96	729
63	40	896
2	95	710
87	78	384
62	49	241
16	45	65
5	27	649
43	99	320
2	19	928
23	84	830
56	5	345
92	66	788
2	5	274
65	54	586
27	77	148
86	0	150
6	36	143
4	78	837
77	22	939
6	9	549
15	7	605
70	17	987
9	98	407
48	70	362
89	45	423
11	71	58
73	8	814
74	97	254
85	69	357
35	59	96
13	32	562
4	32	53
89	85	452
62	29	826
66	81	669
24	33	719
78	61	470
58	20	506
87	92	537
51	46	874
14	92	840
11	77	494
83	40	462
67	78	544
9	18	824
99	65	194
11	44	983
89	46	614
4	34	964
79	88	6
74	44	606
23	96	857
67	9	677
8	26	220
81	63	46
57	54	578
9	31	110
0	94	470
61	31	560
56	16	554
97	92	552
85	9	420
84	19	36
89	76	846
39	89	787
10	48	75
33	80	719
57	26	285
44	95	515
57	4	876
26	26	637
41	4	533
7	45	558
67	40	287
10	57	749
43	4	641
5	57	874
52	86	406
17	73	334
2	31	373
25	96	79
97	23	115
45	7	79
91	2	388
66	11	709
24	40	550
70	62	329
67	41	158
73	4	169
98	59	58
39	19	129
76	26	252
42	58	822
42	63	125
27	96	133
29	22	952
38	75	611
51	66	480
50	21	163
39	80	150
16	16	563
8	50	643
37	23	893
26	61	467
38	8	536
38	67	291
81	80	940
60	96	852
15	46	339
37	95	68
83	48	925
0	34	803
74	88	811
23	90	904
76	40	660
7	32	544
42	30	487
91	60	287
40	34	276
46	3	144
52	6	230
51	79	830
61	66	865
73	44	12
96	89	983
47	96	372
74	74	442
16	75	820
31	38	299
78	24	524
58	31	407
3	7	578
85	10	747
66	37	359
63	34	788
72	96	933
93	81	597
90	88	49
24	33	337
59	49	918
80	18	961
86	48	183
25	6	482
21	52	754
28	82	973
10	14	689
59	68	329
64	76	208
64	5	623
64	37	472
37	26	479
50	23	718
56	73	140
67	85	383
85	35	343
52	4	996
41	91	862
42	85	819
55	78	625
75	88	221
68	61	246
86	32	762
4	74	403
0	89	653
28	98	596
32	29	361
0	15	261
91	91	694
50	34	822
58	54	933
70	26	497
47	59	575
17	93	2
86	72	910
88	15	28
19	23	661
47	3	535
83	25	592
83	88	3
81	86	29
57	87	752
53	11	645
51	20	814
5	47	422
57	95	326
27	7	75
58	1	522
67	63	994
58	82	800
35	38	446
25	90	695
93	99	367
18	67	890
15	87	793
34	90	658
38	39	846
84	93	354
13	99	406
66	81	677
41	79	908
82	98	389
33	81	240
30	54	866
87	13	131
59	70	875
14	79	352
80	68	227
95	29	178
70	96	567
83	96	325
42	31	688
90	28	914
20	14	40
37	2	308
76	96	696
98	48	607
57	66	456
76	9	590
82	48	283
65	52	672
71	83	35
37	47	293
75	32	105
44	59	845
12	20	52
60	93	816
70	34	448
14	43	452
80	48	391
12	64	107
75	97	375
2	86	5
47	28	488
44	36	238
77	96	434
0	15	250
17	63	131
94	61	263
13	0	696
41	23	268
11	45	175
13	15	344
16	16	656
41	62	221
62	97	111
19	92	473
6	62	703
5	1	455
90	99	905
97	42	16
40	24	276
79	66	518
37	48	409
97	5	874
94	72	965
74	41	606
73	11	517
94	18	639
80	50	340
20	50	804
35	61	564
81	25	854
73	2	165
92	51	704
68	54	365
16	81	766
10	7	185
93	79	148
0	68	38
50	7	232
86	61	29
32	29	724
81	70	240
41	53	271
37	98	962
55	8	492
95	33	883
59	32	744
88	81	116
70	50	945
82	43	618
94	30	774
78	35	899
23	24	475
64	48	793
18	22	974
60	6	441
50	25	249
47	78	990
23	56	861
36	72	372
35	22	842
25	80	429
18	46	907
68	75	649
87	23	693
97	68	772
89	71	331
38	39	903
61	23	525
14	19	191
30	65	165
1	8	147
4	17	570
40	83	557
30	9	689
74	21	438
93	33	644
40	43	2
76	22	529
91	85	456
88	23	31
32	25	938
86	50	55
97	76	197
26	10	250
53	30	994
8	26	14
10	92	516
98	43	698
91	60	672
96	33	926
12	44	189
26	41	402
86	21	447
30	60	992
31	48	40
14	27	8
71	22	662
10	7	189
69	27	971
78	26	333
64	90	392
45	77	296
66	40	781
55	16	127
97	57	237
36	75	610
14	54	303
17	6	198
41	53	936
96	51	603
72	65	771
90	4	694
16	47	287
3	56	518
9	52	952
14	67	633
94	2	900
45	35	734
35	38	559
43	43	167
23	51	824
32	29	397
74	12	306
82	54	175
24	63	315
83	32	674
38	43	683
92	81	631
50	82	320
48	6	563
0	11	751
98	1	396
80	20	574
74	12	233
7	80	429
21	74	19
25	71	167
73	35	357
87	60	93
83	38	81
94	5	64
14	72	827
55	33	648
26	52	613
41	70	483
79	51	169
3	18	689
4	41	362
78	93	68
34	63	119
74	71	886
10	74	576
77	8	711
92	69	377
70	44	335
31	3	70
4	95	264
54	59	787
5	32	132
56	73	195
56	49	657
97	42	679
36	94	643
49	45	102
60	84	63
79	48	983
46	0	335
39	69	178
71	61	76
38	68	459
41	88	358
29	33	734
22	38	765
51	95	517
66	50	345
27	35	29
45	32	28
49	56	651
92	18	597
1	0	995
48	37	680
29	47	399
60	19	563
35	81	37
55	80	563
27	54	880
10	2	286
12	88	980
77	11	728
71	14	823
99	57	364
79	21	302
24	15	697
19	80	438
66	65	456
52	53	588
72	79	462
73	91	785
72	75	320
98	11	934
88	23	76
24	39	252
26	53	372
68	38	659
76	64	745
31	71	593
44	49	440
54	63	705
41	86	906
68	26	365
73	42	275
52	84	186
16	54	921
19	16	649
75	63	476
93	15	433
38	49	350
94	47	158
26	21	228
22	35	620
48	32	660
0	36	795
41	87	573
50	90	332
45	78	358
10	63	180
92	24	702
83	10	65
80	44	500
72	7	925
80	54	188
29	56	929
40	80	522
35	0	577
37	55	191
35	51	18
39	45	810
63	7	857
91	83	210
52	34	651
14	19	906
54	60	992
17	97	745
92	97	522
77	90	571
51	73	10
26	86	339
84	81	844
66	32	543
59	23	423
24	60	726
37	30	363
63	66	783
50	64	934
30	79	384
5	34	268
19	74	82
11	8	788
53	2	848
76	6	312
99	78	800
22	74	329
15	53	818
44	40	944
44	46	338
26	8	244
26	2	581
92	45	267
90	62	332
23	52	973
45	58	497
5	6	319
44	55	84
8	10	42
94	42	462
38	7	192
75	17	696
57	97	816
23	83	839
47	50	728
48	26	131
83	1	299
17	68	526
9	86	67
93	97	611
2	60	339
52	75	382
78	89	657
39	84	914
36	14	476
62	51	293
88	1	919
72	44	148
6	76	774
75	97	976
7	76	792
30	2	654
47	80	644
62	81	526
43	61	262
80	57	991
29	32	767
48	84	751
2	64	410
78	98	881
63	3	711
68	67	923
8	51	160
60	42	634
24	3	942
51	58	453
59	69	619
96	89	308
51	84	822
4	48	351
6	31	100
96	16	118
18	66	723
39	78	736
2	44	553
44	11	498
95	35	912
13	60	687
36	24	476
70	82	468
62	89	105
50	51	148
4	63	276
45	9	563
98	1	621
97	46	761
36	42	659
98	36	626
15	12	706
95	42	733
23	36	45
63	77	453
56	28	84
44	77	767
13	81	234
28	64	955
25	88	24
40	30	490
31	71	633
71	93	54
34	96	818
75	89	879
82	34	745
83	78	730
7	84	592
31	5	128
71	89	23
9	9	958
19	35	612
51	80	667
16	34	971
50	39	569
46	12	833
78	86	270
56	74	338
93	95	613
76	57	9
83	1	681
38	5	331
36	77	46
32	27	571
68	82	241
51	0	309
73	78	232
34	18	626
42	72	66
66	13	345
74	35	198
94	77	48
13	28	405
20	77	889
4	86	868
26	59	36
4	72	412
32	59	539
86	13	819
62	1	106
44	45	743
15	11	646
47	54	858
72	53	781
38	49	224
68	97	220
48	73	390
54	79	730
17	51	142
9	29	28
84	70	87
90	27	560
85	39	727
14	2	685
57	52	185
99	65	460
5	76	216
40	75	284
23	21	704
18	10	761
65	41	541
78	43	288
76	4	218
28	73	250
99	65	167
11	70	811
10	63	250
72	53	993
11	7	371
45	8	995
54	73	815
39	29	851
81	83	480
44	34	696
95	54	659
0	21	708
32	63	180
59	33	428
29	79	539
40	36	157
80	97	150
22	25	241
94	31	532
63	0	96
84	71	984
25	89	479
57	31	599
89	1	894
5	98	985
40	56	183
36	48	958
61	6	886
30	9	941
65	68	471
62	64	70
79	58	851
75	79	510
5	47	499
90	22	639
51	56	331
66	26	945
21	40	914
83	85	51
58	62	158
31	1	942
66	17	730
28	12	698
43	47	945
99	32	802
4	53	19
8	26	263
14	93	221
27	20	918
99	98	647
92	34	311
58	55	967
97	73	148
3	39	497
73	51	576
27	90	336
18	91	144
91	27	906
37	79	287
19	83	621
69	68	40
91	50	195
22	15	503
71	35	789
72	76	777
84	92	684
63	21	725
3	81	404
24	12	875
30	53	980
48	57	614
74	89	933
98	50	634
7	38	649
84	57	557
11	82	737
96	71	635
25	93	872
58	37	978
33	73	388
38	29	987
54	37	206
37	94	56
5	38	183
49	42	816
41	50	297
88	99	263
69	52	430
5	74	233
86	94	450
16	67	220
93	26	319
55	94	376
29	92	3
21	50	666
96	82	555
2	19	460
23	48	907
12	7	694
77	27	212
13	65	119
19	85	266
67	83	475
51	45	107
71	57	454
73	64	118
32	82	531
79	94	723
16	45	708
60	40	406
45	15	582
20	60	291
80	75	298
39	96	104
94	31	142
36	39	104
38	89	759
33	40	993
10	26	443
37	13	399
39	67	100
97	11	217
7	65	924
96	71	733
51	20	300
31	78	72
89	47	64
68	56	947
92	62	999
89	33	710
89	84	467
6	35	825
26	22	745
45	27	578
35	60	445
9	69	467
26	57	108
69	70	939
40	9	274
32	37	101
90	16	560
19	71	659
18	69	419
10	49	336
4	28	214
11	70	892
55	59	730
5	41	145
97	16	573
46	59	817
28	73	703
98	42	271
64	95	812
60	10	661
66	16	135
87	46	628
3	94	431
35	15	996
94	61	878
83	92	188
72	28	42
13	43	250
52	52	358
29	97	230
94	80	873
56	65	17
85	55	854
25	47	368
52	6	95
82	68	674
31	64	522
36	96	541
51	9	691
65	21	939
46	17	853
81	76	32
42	54	468
77	53	39
39	37	518
8	87	287
58	82	288
69	67	408
52	48	625
41	42	696
80	81	877
60	71	916
21	65	695
96	71	693
5	47	712
81	57	445
96	28	583
30	71	392
55	45	837
75	86	268
53	25	400
13	0	718
14	71	781
24	35	707
97	15	627
16	79	589
59	65	152
31	58	53
72	22	910
69	11	887
4	87	194
88	64	181
91	97	199
38	64	186
47	30	420
97	3	736
2	93	762
36	30	528
97	24	228
4	10	88
47	33	352
5	26	901
52	15	14
49	51	635
85	36	519
0	63	922
68	36	529
43	78	293
30	5	10
94	62	392
99	65	222
12	39	597
38	64	111
44	42	771
68	42	223
83	54	652
26	23	309
84	9	63
87	98	673
89	87	650
24	32	79
87	24	343
10	57	908
13	36	171
8	45	367
67	94	547
3	12	731
18	6	384
4	44	50
81	34	384
51	56	484
17	4	220
60	7	551
99	26	134
51	4	525
55	38	988
86	49	215
43	62	746
18	81	553
58	43	457
10	7	69
16	4	501
76	88	498
3	48	706
28	84	468
74	78	5
33	78	605
85	41	630
31	34	662
2	13	850
15	29	410
19	12	768
88	3	710
77	1	910
35	33	661
60	84	946
45	7	952
73	84	643
98	5	612
98	59	547
49	37	905
81	2	145
19	59	377
45	37	104
7	95	869
63	26	691
21	13	163
5	19	312
95	31	867
85	78	697
78	31	488
56	50	759
10	78	32
54	15	468
80	61	776
94	43	353
88	8	521
87	47	962
60	32	188
31	57	745
33	26	929
80	73	724
74	85	801
7	39	194
63	4	72
33	12	163
60	30	182
71	40	188
55	75	782
57	8	989
2	96	67
67	12	301
93	77	48
41	69	158
13	94	544
79	91	985
74	41	252
62	85	497
5	70	879
3	36	47
61	57	593
46	20	582
93	98	209
51	38	797
85	75	918
62	51	596
66	68	624
24	8	431
43	19	618
51	1	5
54	16	545
71	40	541
47	29	717
44	58	125
15	67	655
45	75	58
6	60	316
68	7	793
22	58	959
66	36	161
83	74	311
36	31	929
28	56	438
33	46	108
87	6	5
22	97	738
40	16	642
37	82	530
73	63	727
41	72	566
58	89	612
47	88	329
12	66	179
59	88	726
29	90	836
70	73	280
12	83	891
18	86	303
62	36	236
65	91	441
77	27	959
25	29	980
54	26	40
30	23	764
85	39	893
92	89	976
32	27	618
74	73	961
11	99	390
66	68	459
66	13	766
7	4	101
75	61	693
78	24	383
74	62	228
56	42	492
44	24	67
29	62	416
80	1	360
35	83	578
70	8	188
64	80	626
96	37	467
22	19	808
60	56	956
97	5	334
28	21	729
63	38	23
67	90	962
22	17	945
97	17	339
59	52	271
0	39	223
51	42	714
46	8	830
60	49	189
11	12	864
98	91	501
72	18	626
51	82	933
30	89	667
60	86	60
69	84	690
76	0	343
13	73	622
97	74	829
74	6	409
4	21	498
1	84	703
3	65	624
3	83	348
61	83	917
35	57	769
27	0	294
42	45	567
19	49	452
1	43	807
51	8	653
84	68	780
40	34	587
2	71	934
21	26	811
23	2	188
97	53	135
44	38	456
34	14	148
52	31	556
73	39	896
84	35	653
63	80	230
33	58	828
36	37	262
78	50	712
54	97	450
27	35	997
82	6	991
49	30	666
74	30	635
29	46	909
45	92	168
77	42	35
89	32	822
95	15	498
1	70	633
33	13	420
9	77	481
98	95	944
53	50	500
45	31	222
98	63	713
98	61	440
52	68	720
65	62	808
33	81	801
18	85	230
86	78	999
71	17	913
45	28	602
31	49	358
77	55	35
66	81	120
63	31	628
89	92	82
62	43	19
94	91	544
58	87	24
12	59	965
27	7	719
33	40	325
27	4	282
70	39	963
48	7	885
92	18	452
42	25	485
27	80	203
30	34	450
6	78	304
5	42	357
72	55	502
86	0	745
44	65	527
57	42	59
90	23	707
85	75	548
19	63	660
87	14	306
76	29	518
83	94	652
79	88	554
19	20	483
41	13	192
26	29	558
87	59	561
64	13	256
81	74	487
1	77	151
10	17	479
83	73	80
85	97	882
97	86	535
74	33	643
96	31	991
14	46	1000
14	29	279
83	17	159
49	87	414
8	87	864
44	48	184
38	73	772
93	19	241
65	96	240
82	32	546
28	86	205
16	56	38
92	61	408
65	23	645
37	66	808
74	88	985
72	41	161
99	27	224
79	25	785
90	32	512
85	42	802
90	10	69
89	52	94
13	7	790
36	95	612
11	98	912
5	99	780
44	42	359
35	95	868
38	8	247
20	56	14
2	42	356
35	15	689
77	51	260
36	60	815
45	47	420
71	80	29
67	4	718
66	61	255
44	61	107
94	74	892
24	7	857
56	89	76
98	43	149
20	55	645
11	98	715
44	11	758
74	35	506
36	42	263
20	79	807
58	45	205
68	24	704
71	6	390
43	60	989
18	18	858
33	31	828
34	87	597
43	46	834
31	39	787
53	1	826
88	29	158
6	61	784
80	95	723
78	39	432
95	37	215
78	66	285
85	60	43
23	44	174
0	46	782
53	77	443
31	90	416
96	9	509
50	75	624
89	95	957
11	13	129
5	99	10
68	25	47
21	58	882
14	91	427
7	52	744
68	62	963
7	55	983
68	43	101
35	97	652
8	32	935
72	65	640
21	73	725
61	32	847
78	80	568
81	6	786
92	37	683
34	23	839
72	30	50
96	22	997
54	67	597
39	71	290
20	67	285
11	93	972
69	28	149
55	7	575
5	36	211
37	56	626
59	26	85
37	19	75
89	32	105
34	57	455
94	76	990
36	73	516
28	27	604
69	12	737
76	23	778
31	79	694
89	14	848
99	25	192
97	35	722
48	20	409
12	16	182
48	97	9
93	49	124
11	4	654
55	48	725
15	76	859
53	50	730
97	69	206
3	27	479
18	69	235
20	74	41
27	22	938
19	90	21
5	77	56
36	96	787
15	3	328
50	90	41
82	74	649
95	40	841
41	80	797
50	86	963
29	44	369
89	23	498
74	60	852
7	31	191
52	54	925
27	23	670
51	5	430
9	34	748
1	84	547
27	3	560
45	41	901
3	59	214
38	42	90
80	50	803
58	22	811
32	36	563
11	63	295
75	79	781
57	16	153
24	35	306
20	82	731
73	96	483
62	44	1
60	74	278
80	49	199
89	93	657
53	40	544
66	16	235
52	98	292
63	51	767
53	51	442
65	38	11
7	45	808
81	78	320
42	2	829
58	35	82
74	30	235
46	9	935
50	34	857
93	8	994
49	76	897
65	75	746
57	27	131
29	73	905
73	45	369
97	62	681
47	5	861
11	32	252
8	71	925
42	21	427
41	32	740
47	7	1
85	13	558
98	50	99
76	20	473
67	9	146
27	43	344
50	80	698
9	84	103
94	12	850
21	10	256
91	36	326
5	3	215
17	52	360
33	17	429
79	79	345
58	72	757
69	57	931
58	69	373
75	85	138
0	29	855
68	59	268
24	5	890
57	58	458
2	22	881
98	55	71
74	98	826
9	90	307
19	3	569
73	44	710
10	50	545
9	66	694
99	33	525
72	92	506
4	61	463
22	88	820
79	36	304
58	76	587
83	26	811
48	24	215
51	78	620
69	89	566
27	24	336
38	88	622
12	84	289
81	38	62
46	51	547
69	61	804
99	10	537
22	95	507
23	2	364
69	2	366
37	50	383
11	84	673
91	14	589
10	3	805
24	84	941
1	75	523
25	11	741
81	37	644
4	76	139
20	54	651
19	8	437
99	42	518
9	46	105
68	4	501
6	44	762
26	22	330
71	2	418
20	53	525
92	68	564
36	38	669
57	69	453
75	93	245
8	38	966
22	60	966
79	59	499
2	9	689
36	62	603
94	82	705
59	70	796
75	99	72
12	0	257
91	30	8
53	38	467
96	87	656
89	61	647
36	24	680
12	0	529
71	85	421
44	36	690
59	42	21
15	38	202
96	75	444
6	46	49
57	47	426
3	44	960
86	25	546
3	47	840
53	82	820
17	39	577
28	50	391
41	93	830
5	14	42
88	22	507
18	64	66
92	44	62
81	22	916
55	32	612
10	73	17
38	59	847
13	85	355
79	1	58
8	19	55
71	9	97
79	72	732
0	20	429
73	47	146
15	51	887
1	46	893
61	0	114
59	53	747
38	76	694
70	21	543
69	6	273
70	91	303
93	52	644
42	69	592
71	30	954
37	42	106
93	32	507
9	18	719
67	49	473
91	44	494
94	4	328
61	76	889
64	87	841
43	78	5
95	60	250
46	70	840
96	51	809
55	32	27
40	88	485
59	66	500
51	49	328
18	98	726
80	24	936
85	80	768
36	69	419
57	51	897
75	91	942
13	51	81
36	85	608
63	86	436
32	83	40
77	73	181
0	77	239
65	40	476
80	67	925
66	35	675
31	8	207
79	22	849
72	76	414
0	95	502
56	71	777
83	51	563
95	82	86
76	57	222
26	18	450
92	11	950
95	97	266
88	46	228
26	62	953
42	16	210
33	37	816
27	53	706
75	96	467
49	86	452
49	51	630
43	91	217
76	45	144
80	74	260
70	51	308
88	60	685
19	6	602
20	12	239
27	9	57
9	39	110
20	53	727
61	52	579
36	61	740
48	80	2
24	72	531
8	52	726
12	52	134
47	67	781
86	46	198
43	48	660
53	61	122
87	70	506
17	76	750
87	0	537
84	30	783
96	38	317
3	69	552
3	35	965
98	57	303
93	2	475
83	25	443
91	1	445
26	53	181
66	13	259
49	88	196
77	46	34
35	74	729
77	30	189
41	33	912
96	47	187
37	51	714
57	25	328
13	60	885
70	76	839
61	24	2
58	20	195
25	21	638
66	21	747
48	98	927
86	14	594
19	66	22
70	58	64
2	60	824
99	15	122
40	57	705
89	4	450
44	84	388
31	17	83
93	30	166
91	97	883
22	44	529
89	26	439
9	76	819
16	38	754
90	16	301
19	53	739
90	50	741
85	82	922
50	94	411
5	52	892
79	63	70
30	87	123
48	52	527
36	75	83
39	45	801
99	86	21
89	57	73
45	63	569
10	97	1000
75	83	820
31	69	518
59	61	355
91	1	765
21	49	239
27	78	21
53	92	612
53	34	533
67	38	449
12	59	393
46	61	627
94	83	305
56	49	143
21	32	68
84	1	657
10	93	514
37	73	561
84	26	737
39	29	557
43	46	640
60	84	96
87	90	840
13	39	997
64	16	623
45	38	890
16	37	703
81	96	349
27	40	541
54	65	856
87	42	677
28	90	63
28	82	145
78	95	109
50	12	574
15	34	168
11	19	3
92	15	227
90	27	506
90	17	29
27	77	288
47	51	500
57	27	211
91	25	927
40	91	925
39	88	137
60	87	881
81	78	134
2	67	649
13	75	856
31	5	129
53	71	947
98	1	156
30	23	65
23	78	82
30	3	78
13	41	79
76	28	298
47	73	370
87	35	473
27	54	909
85	8	509
67	26	996
95	71	222
62	10	769
55	7	762
45	2	741
82	95	846
9	76	48
94	92	693
85	18	511
12	90	373
9	12	261
16	75	629
17	90	52
94	91	455
65	5	389
51	79	864
95	6	473
45	33	842
5	58	706
5	26	915
60	7	206
54	37	111
90	92	283
12	21	350
14	48	217
59	93	262
42	16	801
42	60	477
1	92	675
83	23	996
14	56	631
8	50	444
67	98	390
34	8	733
15	5	890
6	29	402
40	32	939
84	46	559
19	46	687
66	57	464
99	41	476
87	56	644
8	62	574
52	15	666
42	75	828
49	92	370
60	3	475
42	81	964
93	82	198
89	86	533
29	4	67
59	52	294
9	15	419
27	1	891
17	92	70
30	43	138
95	75	968
33	43	987
48	40	621
90	90	238
69	65	915
22	11	747
93	37	570
77	61	329
73	8	959
77	99	380
76	32	287
66	17	941
21	65	670
39	43	578
4	57	131
81	99	620
68	47	653
86	34	333
80	17	304
88	80	432
76	67	168
38	62	338
61	11	669
90	87	779
91	99	600
90	11	722
58	66	661
12	92	930
82	18	504
15	24	139
18	74	788
46	51	533
7	2	611
98	99	410
73	6	121
62	59	89
72	23	405
31	4	793
28	67	871
68	16	137
9	90	291
92	86	578
31	58	631
90	19	536
56	58	763
39	63	457
21	76	106
93	0	653
55	28	477
9	90	147
96	77	430
49	59	555
91	34	637
64	79	8
70	67	563
40	53	870
19	41	979
8	53	480
28	83	985
84	44	216
30	24	850
0	53	414
1	5	180
95	27	782
17	17	35
14	30	136
19	96	866
49	61	521
99	59	113
99	8	983
32	84	39
59	22	911
53	57	285
99	50	626
39	30	472
44	77	833
23	55	814
65	49	923
69	93	76
2	9	521
46	3	509
66	99	898
52	94	424
27	52	130
82	34	188
16	83	381
75	60	264
78	85	33
39	60	558
91	58	976
56	44	711
71	66	759
48	59	901
97	48	149
49	43	187
30	93	608
74	49	860
76	84	792
6	31	998
6	35	389
15	42	229
68	79	154
61	19	241
19	50	601
15	68	909
42	45	974
61	75	700
99	45	295
34	21	391
66	97	336
79	83	689
33	46	931
13	52	497
86	26	551
30	57	112
12	29	79
50	72	287
80	27	338
80	50	129
51	87	896
29	24	354
59	27	616
17	97	62
63	27	659
9	90	561
0	57	10
81	36	906
53	34	421
44	54	206
60	98	31
25	73	760
3	5	874
57	91	478
70	76	686
52	42	69
79	6	115
75	35	738
61	77	336
38	39	887
54	87	263
74	35	767
30	80	560
60	71	743
3	66	399
47	47	250
37	37	76
1	69	319
64	78	292
68	68	357
23	18	678
82	51	981
70	16	483
37	23	858
59	72	868
86	29	885
87	64	568
89	90	958
27	11	494
87	65	696
59	84	625
25	1	260
29	15	656
21	50	955
96	75	415
49	51	551
40	27	701
27	11	306
41	13	657
71	73	774
54	11	612
19	87	229
85	39	130
51	21	198
58	92	187
17	95	455
29	71	532
25	90	61
83	41	54
4	99	102
9	23	49
87	23	116
83	52	654
85	14	740
59	70	276
10	37	378
24	82	635
29	56	219
88	28	956
97	39	736
30	78	471
14	57	992
35	6	87
67	67	203
97	74	338
69	67	563
24	13	183
48	62	8
77	69	478
32	4	88
61	71	782
50	6	255
13	78	189
38	95	380
45	34	699
0	82	705
44	1	631
33	22	941
54	80	296
88	34	565
96	72	115
98	61	541
17	31	549
43	51	311
49	64	121
38	60	109
33	84	35
73	85	639
85	23	575
60	16	628
91	41	774
27	59	177
63	0	617
15	88	131
85	37	563
16	11	610
83	8	122
83	32	318
12	37	140
0	20	939
7	38	14
81	70	398
10	19	263
90	75	322
20	88	23
19	17	339
28	84	454
46	24	149
93	14	945
43	93	363
33	49	341
45	66	823
68	1	641
25	78	183
98	42	220
84	58	833
19	53	169
57	69	81
72	47	997
71	89	179
74	62	583
84	3	390
2	37	610
57	13	727
66	71	54
32	54	86
53	33	832
25	62	711
30	65	439
73	11	706
27	97	379
5	76	934
27	77	685
28	3	967
70	48	255
44	65	61
53	10	871
25	18	887
94	48	547
32	13	560
20	77	560
40	89	982
27	78	640
9	34	942
40	12	627
20	85	796
78	67	820
76	32	782
73	55	620
7	19	503
27	73	759
91	85	205
89	36	292
30	54	577
78	48	460
27	42	99
97	12	73
96	15	938
73	20	222
18	12	359
42	96	840
87	88	342
41	80	741
60	59	622
66	21	577
91	19	355
4	93	512
93	79	180
60	2	31
96	33	111
61	54	148
60	30	855
53	13	575
57	86	802
3	45	673
79	26	114
29	28	990
20	86	811
2	13	499
99	30	644
63	88	488
19	25	271
82	49	457
74	69	949
40	18	109
25	58	360
12	82	614
41	77	285
28	1	173
91	58	641
59	45	785
33	30	971
23	99	937
40	57	799
32	10	769
32	18	866
28	38	413
47	87	758
64	28	96
87	29	355
46	7	275
71	91	255
5	37	279
13	20	238
42	62	728
97	34	658
50	50	562
37	9	372
70	32	118
72	84	39
43	92	692
13	5	155
99	24	132
18	1	637
47	24	332
8	90	852
9	39	185
62	69	765
27	79	857
48	44	194
16	74	353
62	14	635
52	21	406
19	92	979
8	0	346
45	75	495
19	37	559
69	25	903
81	7	651
26	73	127
77	21	165
89	2	580
17	55	683
22	80	87
59	75	68
31	94	317
40	69	178
87	71	812
96	56	43
8	65	777
17	94	914
52	42	643
83	22	230
82	29	550
90	37	710
70	35	670
19	55	525
11	64	751
57	87	177
63	25	512
52	89	39
74	26	358
35	77	394
46	59	389
38	93	614
96	38	74
20	82	231
58	82	537
89	86	518
41	55	150
34	4	734
43	82	403
29	13	542
9	72	724
45	56	568
6	93	731
91	5	650
7	85	217
35	59	81
41	28	536
8	62	576
61	53	871
72	13	627
71	43	643
87	2	336
97	27	222
28	66	842
52	30	886
32	7	77
87	83	169
53	59	61
59	42	385
1	71	270
25	28	493
71	46	827
41	24	205
20	34	149
98	54	292
92	79	357
42	21	833
95	75	306
93	71	22
82	24	765
20	15	219
55	4	573
7	16	854
95	81	846
75	99	381
7	75	69
91	47	770
71	77	597
35	91	585
57	31	902
6	50	948
65	12	390
0	93	139
85	97	661
13	26	173
28	43	559
88	37	307
39	21	425
32	35	729
79	13	459
31	48	279
93	39	37
44	2	201
6	19	923
28	54	848
37	28	234
97	30	706
81	12	474
56	16	992
99	62	777
40	0	204
99	83	839
94	19	3
89	47	710
39	53	889
29	17	786
28	79	34
67	99	593
22	98	427
21	5	733
3	95	522
82	62	947
62	36	932
75	7	988
60	9	463
56	28	240
5	33	954
30	24	349
76	6	140
15	40	146
10	94	602
74	4	67
86	1	923
88	92	271
75	77	867
73	92	920
90	88	717
18	72	663
93	57	1000
94	67	313
14	11	261
31	32	140
25	65	972
0	49	683
29	43	714
10	66	820
96	55	837
80	90	867
11	1	584
65	35	105
2	95	75
89	88	252
51	40	470
70	10	318
1	22	588
58	2	440
78	34	309
32	10	152
88	93	703
28	11	102
78	24	513
2	57	649
64	67	860
76	21	783
31	45	252
63	47	985
47	60	688
23	81	547
2	80	941
47	47	500
53	43	738
58	22	53
4	72	352
6	23	418
88	81	670
44	24	819
21	32	222
28	12	951
5	86	139
12	7	580
69	76	761
85	15	219
21	30	345
39	22	278
73	44	78
77	94	479
36	72	620
90	92	900
33	17	743
49	17	579
19	30	573
57	67	290
36	48	767
26	79	912
3	6	851
17	62	740
85	78	881
43	16	605
65	96	176
88	99	272
5	87	662
59	77	160
55	73	850
98	7	500
57	37	518
88	18	824
76	77	427
1	37	759
65	0	774
41	61	288
38	88	718
20	26	870
85	94	512
35	87	854
19	20	272
8	24	635
69	79	640
16	8	352
3	27	571
95	89	642
59	83	259
96	39	808
15	20	781
17	10	985
88	81	817
58	52	277
64	94	499
70	73	781
99	80	380
72	72	798
43	71	592
59	47	271
51	29	629
51	38	656
72	10	190
86	0	243
17	27	486
98	6	93
3	6	737
97	21	104
82	32	466
89	58	883
55	38	910
39	8	842
10	74	569
91	98	722
38	27	23
9	46	835
30	41	141
67	44	878
44	91	108
16	2	637
5	80	124
56	31	838
11	40	364
70	18	170
24	11	238
41	50	336
77	12	515
53	15	427
68	23	387
79	97	283
35	80	149
81	34	630
28	28	994
43	62	437
6	93	265
16	17	548
42	50	112
27	54	881
64	55	230
40	6	435
14	85	103
97	33	214
46	5	18
40	74	571
48	10	255
20	70	302
20	97	339
15	44	277
31	70	759
33	28	369
73	84	110
37	23	278
88	38	988
53	58	270
55	39	484
29	85	98
30	41	706
86	11	789
10	37	736
20	49	592
4	47	30
98	17	151
52	77	861
46	30	909
62	53	543
28	69	972
56	16	874
55	97	525
63	96	194
41	94	473
11	48	288
63	27	247
75	39	661
55	51	178
57	86	557
85	73	587
84	25	561
87	72	64
87	54	591
35	11	979
5	83	598
33	40	432
15	77	918
64	61	793
12	27	471
76	32	604
2	34	992
81	94	817
74	24	561
46	12	118
91	43	523
52	17	854
60	14	972
75	85	949
99	70	229
92	71	22
18	43	578
36	36	854
55	11	668
26	11	433
56	60	974
14	63	565
65	87	34
33	15	12
39	68	686
1	74	260
79	18	439
83	47	814
23	45	39
60	11	711
74	19	914
79	26	808
10	8	670
68	33	678
57	51	979
5	74	20
84	63	735
11	12	944
11	10	348
63	82	376
34	75	883
19	32	739
95	36	25
90	82	905
80	19	654
8	8	685
38	26	192
32	40	656
3	59	917
11	97	656
29	73	431
28	71	593
59	84	131
89	28	8
34	70	614
99	59	542
5	25	98
56	25	663
38	86	916
38	85	197
84	13	231
40	7	486
36	24	106
19	42	821
76	72	111
32	4	582
54	61	588
88	12	552
34	82	7
20	64	965
72	15	792
87	2	76
23	28	686
85	6	978
71	96	967
18	57	466
4	61	353
76	16	85
47	20	346
39	19	738
58	52	242
99	42	972
42	41	900
22	82	300
1	47	714
70	6	685
40	80	177
76	28	799
13	25	175
80	94	547
39	0	335
46	39	296
10	53	548
81	37	552
1	81	330
45	94	314
5	83	785
61	44	696
18	90	204
28	69	840
62	34	326
54	4	397
38	58	768
17	99	435
32	16	327
43	18	913
97	17	699
30	25	90
25	45	374
23	42	445
64	48	153
22	45	747
68	87	302
25	46	552
10	98	327
49	60	558
72	98	933
3	94	631
67	73	788
59	59	231
37	61	57
55	62	992
14	24	904
49	25	263
1	56	378
46	65	122
31	58	456
59	50	519
85	11	555
98	67	829
4	94	370
47	58	874
59	99	469
87	28	629
59	17	295
77	57	269
25	25	372
88	37	56
89	34	293
16	19	239
41	7	725
25	86	892
64	75	985
7	84	230
67	26	103
68	80	983
62	15	985
98	49	845
87	57	193
95	66	992
42	0	70
8	11	91
13	71	929
70	58	680
99	60	441
26	25	819
8	11	789
45	11	700
35	16	739
21	50	263
36	31	220
23	18	542
37	25	297
46	46	991
56	66	808
6	69	322
56	99	441
29	5	210
83	61	396
41	79	310
7	64	738
57	21	138
38	62	542
81	99	140
40	59	159
48	69	71
69	41	661
77	34	632
45	66	589
55	52	902
96	77	824
35	43	989
51	63	525
58	38	751
68	63	242
75	81	184
35	89	170
55	60	78
36	28	647
85	30	310
44	30	522
26	74	682
64	24	973
33	76	320
58	38	96
72	75	224
60	70	48
88	71	761
10	33	750
58	24	109
24	63	843
60	4	188
42	91	256
58	14	169
80	85	89
99	90	472
98	46	38
25	60	80
27	64	124
44	18	365
43	38	367
84	1	759
0	14	418
92	92	947
48	71	40
54	95	92
19	71	326
33	2	906
16	37	5
59	82	703
54	90	453
36	89	89
92	91	139
27	3	564
5	28	124
8	36	763
68	86	362
78	18	683
18	40	307
35	25	728
30	55	985
11	45	752
2	87	681
96	61	290
82	98	350
58	87	887
97	34	472
83	94	719
1	69	719
27	79	866
3	80	572
12	1	648
47	82	617
9	58	610
17	42	144
48	37	819
94	19	442
69	38	41
46	3	588
98	38	15
76	80	258
58	17	288
8	59	841
48	93	377
46	76	552
96	88	622
55	90	883
85	71	956
65	4	767
72	77	889
90	57	373
51	54	527
26	90	547
2	50	36
97	38	355
62	74	534
58	49	197
73	95	388
12	58	197
57	50	954
46	85	335
67	59	69
13	56	272
53	27	750
47	39	600
9	55	970
6	93	897
25	49	445
45	4	197
99	76	223
34	71	394
19	24	136
22	6	725
46	49	881
16	27	69
70	72	520
91	79	724
68	35	658
91	19	186
3	8	901
72	15	519
7	32	34
66	36	677
1	93	806
37	6	951
48	19	240
49	16	49
91	92	46
8	41	314
10	13	137
23	71	37
24	83	177
30	10	559
4	49	55
8	4	585
0	86	615
69	76	918
20	44	516
98	48	482
64	93	206
86	71	648
33	53	364
91	77	689
17	77	754
91	59	143
91	20	796
15	82	140
28	11	703
55	50	109
68	22	602
29	0	116
44	30	513
77	55	480
78	41	593
68	63	345
21	43	730
71	12	712
52	10	543
48	42	231
69	93	587
10	99	90
31	90	799
59	51	597
59	48	802
68	6	939
70	9	532
6	99	28
10	29	436
40	91	203
26	58	61
96	48	481
56	36	737
77	88	762
57	77	220
59	49	812
60	85	526
18	19	447
89	18	770
73	59	3
46	62	546
70	29	439
51	0	139
57	19	756
74	68	320
49	45	912
50	52	247
41	42	36
60	68	596
17	77	963
36	51	664
94	49	940
61	29	665
4	64	383
91	42	444
76	39	119
91	18	718
75	98	288
24	77	61
98	83	762
88	25	474
81	45	490
22	4	935
64	81	389
71	67	145
87	72	617
31	82	681
37	3	397
61	38	618
23	12	627
15	68	52
63	91	269
17	34	672
60	58	228
65	58	902
62	75	914
71	24	782
93	45	501
59	39	891
72	60	1000
70	41	602
20	68	333
94	54	627
53	79	251
24	91	363
14	44	402
12	79	741
51	67	171
8	22	565
76	0	908
60	48	519
82	22	228
67	98	144
64	46	868
60	50	605
51	75	519
69	59	389
45	97	8
43	44	33
32	81	161
39	30	359
76	85	342
71	85	767
31	87	146
3	94	433
78	54	412
44	60	86
56	93	247
59	99	319
78	31	581
23	21	835
44	18	455
29	90	624
33	51	807
76	94	683
60	90	912
98	88	430
53	60	51
23	6	765
92	84	934
77	51	780
28	19	763
10	85	316
94	36	830
22	77	239
28	42	415
18	17	80
77	1	740
75	44	751
2	77	406
24	54	968
68	97	188
72	58	555
74	73	89
69	82	823
20	14	945
54	85	837
1	33	728
53	18	677
49	92	984
64	38	852
70	63	251
74	16	278
40	60	366
27	36	504
36	75	831
44	99	210
84	90	182
96	92	225
87	43	772
30	54	12
7	23	389
46	96	878
24	14	341
5	31	980
94	48	565
93	71	184
11	62	824
48	33	369
97	86	926
57	30	632
75	6	53
55	95	794
56	32	675
17	44	993
0	45	773
73	6	699
35	27	867
59	67	778
64	60	559
11	64	668
21	82	270
36	19	29
50	22	140
48	52	8
97	89	949
43	74	813
30	36	952
29	41	728
81	12	806
55	88	595
53	62	117
14	49	787
50	79	432
73	84	447
16	94	934
85	61	711
18	77	406
7	46	451
65	67	661
50	16	628
12	81	194
49	82	390
55	53	190
43	46	128
46	19	810
75	11	224
47	0	757
52	75	582
74	73	869
58	27	76
97	29	902
43	79	989
43	9	460
2	50	967
99	56	818
65	27	566
4	0	117
7	5	586
53	60	820
85	28	645
33	53	825
49	38	506
35	12	523
85	81	45
29	95	187
11	37	104
74	41	179
54	36	61
52	63	569
34	95	5
72	32	372
29	97	477
25	98	171
32	7	88
80	63	926
90	34	654
43	6	234
31	29	634
27	49	473
85	25	62
25	82	996
20	72	611
58	69	887
27	68	123
69	65	172
20	94	936
94	63	870
50	16	750
82	29	11
31	4	774
18	37	52
63	21	162
99	77	259
65	16	119
29	78	104
51	52	810
23	85	457
49	93	540
65	78	881
78	43	138
7	3	467
7	53	385
6	99	91
42	67	144
60	43	833
87	41	444
91	85	409
31	8	735
64	10	212
2	58	168
6	87	755
76	68	848
5	91	92
50	65	883
46	33	125
50	8	256
72	62	717
33	52	904
79	42	609
70	69	609
35	70	360
46	81	439
46	14	256
7	92	707
18	85	236
8	51	641
49	23	792
51	25	437
88	95	337
98	18	854
54	39	545
40	61	355
78	3	846
45	27	286
95	85	355
13	67	939
53	2	980
43	35	46
22	5	484
85	1	715
86	46	836
27	23	129
34	0	662
31	46	241
30	29	738
19	99	745
50	39	230
37	13	326
64	42	79
23	60	830
43	23	566
75	24	701
87	27	612
42	79	496
89	45	999
8	55	611
17	83	837
98	72	361
97	39	966
95	56	177
28	6	721
29	11	138
15	62	677
47	79	129
22	30	603
60	0	597
58	46	513
46	29	371
56	18	935
25	49	199
20	18	418
3	47	737
23	13	481
95	47	318
33	26	698
81	44	93
38	47	906
87	50	469
61	24	86
56	63	495
82	66	343
84	4	798
13	30	332
92	6	772
75	33	122
24	66	704
27	72	756
38	50	780
64	3	955
79	42	560
12	20	473
73	46	75
64	20	225
16	95	135
65	83	214
79	12	978
20	96	440
70	67	610
93	45	527
64	58	401
12	85	506
46	41	558
81	39	210
82	94	219
67	21	338
15	41	421
16	34	601
1	11	388
59	29	212
58	88	251
81	78	423
38	76	130
70	14	905
33	40	900
71	91	303
21	55	205
91	80	855
15	98	974
83	24	580
49	3	182
9	66	376
4	44	377
53	29	300
70	81	961
47	19	70
48	71	640
49	14	340
66	2	703
11	59	155
58	24	110
46	48	982
23	90	922
15	71	318
27	60	534
50	82	848
96	19	699
13	37	34
12	60	566
10	74	726
53	82	845
66	58	448
60	62	442
84	19	955
50	72	551
5	27	809
18	0	215
83	50	474
11	35	285
1	68	159
34	40	761
48	80	286
3	99	962
13	27	946
55	6	336
30	84	731
55	88	340
22	39	619
11	83	627
14	1	303
10	38	119
48	66	49
49	47	761
50	90	389
80	70	485
82	63	354
32	4	958
78	55	183
73	33	537
50	6	538
86	31	903
30	60	479
88	7	360
69	51	946
59	49	111
58	32	632
97	6	192
5	79	559
27	26	993
52	86	668
29	56	20
54	91	784
24	84	411
19	48	361
6	74	885
23	88	925
74	71	141
19	81	453
24	63	104
80	84	179
62	71	128
67	66	304
84	89	68
54	5	304
86	9	251
8	61	554
41	30	476
7	46	509
67	32	325
56	79	293
78	67	210
14	24	848
12	24	358
43	81	491
65	14	192
14	2	267
65	23	879
69	59	357
17	56	144
13	41	995
85	74	704
64	56	411
18	7	417
38	27	937
95	6	440
93	8	167
65	64	519
93	31	769
30	93	728
79	26	774
43	61	270
78	15	675
49	82	453
15	53	58
70	88	954
75	62	365
89	82	532
3	88	168
97	57	583
45	47	492
38	89	135
17	58	551
14	64	967
58	16	952
26	71	717
57	28	480
82	32	145
30	49	78
74	40	590
63	79	337
70	42	395
98	50	834
69	74	949
17	40	870
42	54	848
12	37	246
15	10	987
31	14	509
0	98	258
26	65	860
42	85	314
35	54	223
50	99	37
8	18	13
66	13	739
34	71	23
20	71	805
28	50	805
49	48	698
77	17	363
83	50	379
32	10	979
20	81	430
12	35	774
90	91	173
4	64	992
60	21	153
37	61	322
46	66	421
89	40	695
49	33	847
66	31	336
58	85	578
68	81	899
74	48	546
82	24	482
15	4	763
24	17	13
41	42	195
12	62	686
11	93	892
91	72	54
95	53	859
40	17	195
33	29	195
45	65	849
96	29	467
26	6	12
44	93	304
91	26	406
96	43	990
71	33	268
71	16	642
50	10	557
49	76	667
77	29	363
6	1	425
95	5	318
42	41	158
62	26	404
71	83	542
32	81	702
29	93	289
89	15	539
78	63	749
70	86	455
82	80	531
71	9	103
25	14	319
70	27	703
2	40	209
97	45	27
58	67	999
83	56	472
9	7	622
44	31	25
97	1	177
3	69	572
65	92	236
74	41	822
14	32	136
45	45	371
36	45	203
99	9	800
34	77	658
52	45	571
24	99	649
68	21	898
89	55	263
89	0	647
27	31	517
39	18	145
24	99	585
39	29	708
17	3	808
16	37	133
1	82	730
19	80	187
4	69	151
64	31	713
41	57	307
71	8	182
89	47	220
34	30	582
9	69	582
90	14	1000
17	2	183
21	62	991
29	33	944
3	9	117
4	32	242
33	26	287
34	29	28
4	29	36
81	13	352
80	86	541
24	88	639
47	98	87
24	91	599
46	82	977
58	51	899
23	48	481
48	66	94
84	18	60
43	5	677
94	89	447
12	5	329
33	15	316
79	75	531
42	61	432
50	51	809
98	41	684
29	12	303
94	32	253
16	34	30
63	59	425
72	30	866
94	72	313
3	26	495
43	19	668
59	40	288
13	25	963
23	19	529
50	31	471
11	4	173
2	4	192
0	10	917
6	2	25
19	25	62
60	38	424
29	22	281
80	11	471
71	1	367
3	85	745
15	88	978
85	81	431
17	92	538
72	54	536
85	4	875
2	19	794
86	65	389
76	18	662
96	28	763
88	63	6
33	68	720
1	16	642
96	75	368
2	10	828
70	69	867
9	64	984
16	88	965
72	22	568
39	36	381
12	36	226
24	63	7
41	40	627
79	8	351
80	41	709
62	39	302
87	55	99
83	86	318
51	56	474
29	70	858
37	10	444
94	94	94
4	73	207
64	39	159
49	63	173
56	71	841
71	15	72
14	33	764
3	50	842
40	59	938
5	90	211
83	59	992
35	93	460
10	91	129
52	45	261
87	94	88
44	80	160
25	37	167
97	27	143
18	97	174
87	29	491
49	57	65
2	68	169
31	0	602
82	50	648
92	76	265
54	25	57
97	54	507
71	74	306
47	35	232
58	10	374
12	75	963
42	65	579
77	5	908
65	82	405
14	92	114
20	86	74
23	94	818
33	86	379
5	5	954
1	43	23
51	45	622
62	88	868
53	60	740
25	19	233
30	55	725
51	3	651
77	66	62
4	88	107
17	90	408
79	58	981
62	88	546
38	0	447
97	11	216
55	73	252
37	52	311
95	99	496
10	66	399
69	35	140
28	60	167
63	48	449
87	21	876
96	58	559
32	31	404
49	79	718
97	76	872
55	56	894
84	66	9
56	84	566
5	25	999
61	26	656
18	33	571
80	64	602
49	16	389
19	51	197
25	70	599
51	77	40
46	99	529
82	66	62
66	82	922
51	21	935
51	37	141
86	46	976
32	47	910
61	64	775
15	99	679
5	57	642
52	46	663
65	88	617
21	15	599
13	77	210
80	80	872
1	40	649
25	62	676
71	63	801
88	22	283
65	70	332
30	16	926
92	15	71
78	20	794
88	8	342
58	21	272
40	96	438
61	76	358
81	3	871
84	45	563
51	24	990
11	19	689
44	56	842
37	6	282
8	30	548
77	32	749
38	45	199
6	45	521
72	55	295
60	72	674
47	4	809
91	24	61
45	28	154
96	14	167
30	53	123
26	16	590
84	58	689
64	57	351
82	72	169
73	41	931
11	76	492
38	59	928
79	81	638
98	74	193
5	77	549
16	40	648
83	4	614
69	31	532
67	57	290
16	60	805
99	45	905
14	86	941
29	66	510
8	92	717
86	80	707
64	39	503
39	6	18
38	5	244
89	42	233
87	37	523
9	5	89
78	55	132
6	13	903
14	17	357
58	98	990
62	40	915
90	35	343
96	87	944
1	96	294
30	45	564
42	34	673
48	1	788
1	35	123
70	51	664
64	0	945
9	35	876
54	3	717
66	85	279
38	48	344
84	96	255
86	18	707
88	59	358
38	43	578
12	44	387
65	18	64
50	76	793
89	12	48
79	98	429
25	11	965
54	65	319
28	52	688
32	31	332
75	25	530
65	2	374
72	84	571
85	99	664
24	65	469
74	16	595
22	91	86
42	81	20
33	6	166
28	26	872
74	8	15
50	63	588
72	25	700
5	84	796
63	58	171
43	57	922
98	37	259
41	75	387
94	81	602
35	33	524
23	95	986
84	58	841
10	24	803
95	22	165
60	18	587
32	19	443
41	4	68
84	28	39
43	3	647
58	51	244
52	66	721
91	4	756
93	82	246
64	45	714
50	69	349
23	10	699
78	84	273
22	68	146
89	34	750
66	67	950
29	30	226
38	8	825
7	50	575
9	45	51
35	26	287
84	85	5
53	40	173
18	83	302
80	29	712
54	95	764
90	54	177
31	33	714
42	75	656
26	94	662
29	77	526
44	55	459
96	98	899
71	38	177
28	7	630
22	31	604
6	21	39
43	35	944
38	43	260
15	43	56
15	76	133
76	52	314
16	18	990
6	26	668
25	82	798
88	53	341
80	44	884
48	41	685
55	38	457
77	49	994
4	92	264
92	15	81
48	12	864
86	36	601
50	52	756
95	93	472
51	69	802
33	60	860
89	11	432
26	75	388
79	86	315
30	13	911
48	28	608
8	0	131
89	15	448
54	29	395
78	20	453
59	32	876
3	89	817
54	42	269
8	22	266
18	72	974
13	51	311
55	43	252
77	33	424
98	64	71
60	41	749
5	84	61
74	13	199
71	7	952
28	67	639
24	73	344
72	96	664
65	69	127
76	45	183
64	66	79
11	85	496
67	23	45
80	10	219
22	13	862
6	79	925
25	57	278
34	83	579
65	55	906
53	39	104
31	43	420
81	95	294
57	88	8
65	77	555
86	82	348
63	90	622
96	46	702
44	9	951
51	44	374
6	26	453
62	22	689
86	33	244
28	72	842
63	53	645
72	76	557
57	87	343
42	78	893
77	16	602
89	20	234
26	22	15
97	30	391
27	67	830
93	91	46
35	0	238
13	25	292
63	67	970
56	98	444
45	51	799
30	90	916
17	66	388
99	0	68
88	63	394
9	51	721
9	69	381
90	54	25
56	36	515
63	90	336
22	88	292
65	38	689
43	99	640
34	35	281
33	89	272
95	21	501
56	27	557
90	20	589
77	53	340
56	49	904
93	61	754
50	6	802
27	13	930
33	66	21
11	88	798
62	22	123
91	29	904
52	32	468
66	37	665
20	70	407
85	22	382
0	62	193
37	5	699
91	78	528
82	61	935
61	15	626
24	15	552
75	63	344
43	22	663
27	2	793
7	38	264
23	4	441
98	40	835
16	84	452
37	82	975
72	61	456
85	19	334
2	18	227
8	93	835
9	69	52
43	39	167
84	99	558
2	17	888
34	52	758
62	6	165
2	82	301
15	7	267
5	60	584
47	11	369
96	26	674
49	11	983
14	7	93
86	53	288
93	37	658
5	8	455
48	91	108
15	38	920
41	67	79
34	57	403
54	88	504
17	81	711
20	20	964
33	24	352
14	71	13
49	64	428
58	53	526
99	11	68
11	59	164
60	0	285
84	38	593
0	6	695
47	69	836
63	66	155
59	87	361
70	89	344
72	68	562
97	79	25
88	2	606
79	80	988
0	72	47
38	70	533
12	44	751
48	9	25
83	54	391
0	38	881
6	73	966
94	86	623
99	84	335
76	19	23
33	58	322
52	15	589
42	64	55
94	59	204
62	1	760
85	88	944
66	22	180
70	17	450
62	74	33
5	96	532
36	72	744
45	97	667
57	70	576
9	67	809
76	62	96
70	89	993
80	37	334
49	31	254
21	71	547
31	37	611
91	53	993
52	85	371
65	27	890
50	7	15
74	17	257
24	18	488
79	44	345
40	71	998
39	24	134
10	28	123
51	53	754
81	91	85
35	92	567
90	13	957
72	91	518
46	69	598
31	61	190
30	93	913
79	12	280
73	21	909
79	47	939
93	59	436
51	87	90
94	58	928
41	93	999
33	97	504
1	65	611
44	88	195
28	3	781
52	22	716
66	47	264
86	29	921
33	35	641
95	81	286
19	10	392
66	45	959
88	44	661
76	55	727
12	31	323
63	33	576
12	66	295
72	87	972
8	28	18
60	58	111
81	69	751
37	28	459
76	72	229
96	50	833
81	45	739
77	74	865
17	84	280
90	98	696
70	74	436
42	11	494
70	26	953
2	68	813
66	64	390
63	82	341
36	96	355
4	28	842
19	85	642
68	69	353
82	93	872
19	94	508
65	0	733
48	80	880
31	16	261
34	9	888
45	45	918
18	54	413
55	23	646
69	93	598
39	56	898
27	48	842
64	9	608
31	21	353
23	22	179
40	22	112
43	45	208
72	17	40
87	92	618
30	44	577
81	6	79
48	26	102
8	75	726
78	28	191
45	35	761
91	69	430
55	51	280
50	87	962
43	68	16
87	42	881
87	52	668
49	41	216
80	86	192
2	71	461
54	66	991
90	0	461
93	76	850
23	5	79
40	56	474
29	89	295
27	8	439
36	83	391
70	91	681
5	99	23
84	11	844
93	4	878
23	59	795
73	21	111
35	34	203
35	49	23
42	81	839
87	43	78
18	87	225
6	20	631
46	98	507
89	13	859
85	58	556
84	3	63
57	22	244
78	45	959
14	77	402
50	26	696
33	35	344
89	19	4
27	11	400
31	91	742
14	0	196
98	34	424
17	27	318
17	25	474
97	23	709
90	68	487
26	80	463
75	9	830
26	85	935
68	43	375
40	99	80
73	17	630
93	10	50
14	43	691
73	1	476
55	38	310
92	32	541
50	84	853
1	86	720
43	18	801
20	48	579
65	42	606
4	77	531
6	33	379
25	81	333
76	66	212
15	45	739
99	83	685
37	3	500
95	19	263
67	32	534
66	3	112
99	31	55
88	1	632
78	19	350
18	59	345
39	16	967
19	60	390
2	90	96
82	2	223
54	85	735
91	11	959
4	58	943
96	62	279
81	35	179
87	39	225
50	37	248
1	58	972
52	8	874
7	29	855
12	23	83
37	18	464
73	19	929
76	63	334
68	71	836
86	43	50
73	30	510
74	87	705
6	37	527
90	6	33
13	2	623
21	57	277
69	32	509
58	62	640
3	15	907
78	3	739
26	92	581
72	38	363
1	78	594
69	63	975
65	42	971
43	29	904
82	25	162
40	84	21
90	91	742
85	67	799
8	70	207
98	7	464
56	95	249
49	87	598
12	27	801
27	23	660
81	31	815
56	53	299
18	91	612
39	92	732
39	44	567
9	92	143
50	10	365
96	84	977
54	70	9
98	35	2
51	89	490
87	11	992
7	85	449
30	8	64
28	23	716
30	28	310
42	0	457
74	75	720
25	39	23
67	64	629
8	59	887
93	97	195
90	88	366
98	89	684
36	82	216
12	26	706
46	26	735
28	90	818
48	81	655
39	55	470
94	43	645
15	43	387
6	25	512
98	47	876
62	72	601
18	60	187
56	62	101
50	73	701
63	11	792
56	39	647
54	70	80
34	68	239
69	91	433
95	62	167
51	65	806
90	67	771
96	86	761
51	7	89
64	62	920
78	14	574
34	61	348
3	55	2
18	40	589
57	97	674
0	61	170
59	63	153
82	75	329
48	10	633
0	23	761
69	33	138
54	0	462
43	53	796
68	82	365
67	74	751
34	14	864
73	7	521
21	88	398
13	95	912
64	80	647
86	16	493
55	18	619
74	70	301
89	10	40
87	80	133
46	5	266
66	55	213
60	88	864
60	37	480
93	24	417
10	41	3
51	36	781
74	89	710
61	84	31
76	34	226
10	82	890
74	42	748
75	97	718
86	24	833
97	26	895
4	64	861
37	33	665
13	92	633
17	97	604
20	52	434
70	51	999
70	29	206
30	83	160
35	71	435
36	95	481
71	86	48
72	19	60
84	84	510
3	50	386
57	67	58
67	17	184
90	99	228
43	25	33
16	7	856
74	18	209
25	79	744
68	95	981
71	84	53
3	85	590
32	77	274
88	62	329
6	25	773
82	3	96
23	67	810
91	17	241
99	17	726
3	82	800
8	76	718
99	87	846
12	32	328
13	41	193
21	99	448
50	11	372
70	54	701
57	92	59
21	18	403
93	4	464
72	78	966
86	78	941
81	38	573
71	0	28
84	1	321
55	48	206
1	63	758
85	45	667
36	96	272
39	68	562
47	53	704
61	33	327
59	3	959
94	17	641
43	59	862
43	88	343
45	25	614
23	35	966
29	88	122
99	50	523
51	13	714
7	6	135
19	43	509
3	37	96
77	45	380
51	37	826
63	44	426
44	2	573
28	8	860
88	49	645
35	26	258
43	36	528
85	84	239
28	19	809
41	85	294
46	19	689
87	53	860
5	17	257
25	14	724
8	19	679
84	64	789
45	35	678
6	24	227
19	42	961
29	12	776
7	82	62
40	28	146
44	57	506
74	19	828
32	75	96
97	25	504
17	91	789
31	96	634
25	17	605
61	37	126
73	25	549
90	0	336
19	46	151
37	84	779
0	2	63